Un
part
1
coordinates
2.592577E-02
6.513756E-02
3.390987E-02
5.595368E-02
1.337031E-01
4.180656E-02
2.965187E-02
1.783416E-01
2.001117E-01
4.985920E-02
1.192621E-02
1.189341E-01
3.204492E-01
2.621094E-01
4.919659E-02
4.111323E-03
5.331854E-02
2.494598E-01
4.628227E-01
3.018987E-01
4.219011E-02
1.331181E-03
1.762203E-02
1.134598E-01
4.208907E-01
5.911077E-01
2.849315E-01
3.030524E-02
4.186177E-04
4.678012E-03
3.202600E-02
1.923632E-01
5.748144E-01
6.318568E-01
2.253959E-01
1.679059E-02
1.288431E-04
1.076526E-03
5.763810E-03
4.005274E-02
2.959605E-01
6.714164E-01
5.514703E-01
1.403845E-01
6.249161E-03
3.683118E-05
2.225504E-04
7.731408E-04
5.400624E-03
8.012327E-02
3.876319E-01
6.556202E-01
3.805325E-01
6.354774E-02
1.683991E-03
9.289042E-06
4.472304E-05
9.638116E-05
7.339389E-04
1.571230E-02
1.305323E-01
4.177545E-01
5.033090E-01
1.933647E-01
2.125799E-02
3.028370E-04
1.802348E-06
8.671486E-06
1.145345E-05
1.090921E-04
2.778626E-03
2.873251E-02
1.537772E-01
3.569137E-01
2.634684E-01
6.813433E-02
4.544829E-03
2.681646E-05
2.323305E-07
1.566687E-06
1.243363E-06
1.279265E-05
3.855193E-04
4.564022E-03
3.221198E-02
1.346077E-01
2.090594E-01
7.936791E-02
1.484895E-02
5.548378E-04
1.297636E-06
1.510494E-08
2.504583E-07
1.346740E-07
1.160721E-06
3.966784E-05
4.947600E-04
2.734840E-03
2.512496E-02
8.235950E-02
5.524749E-02
1.332526E-02
1.744509E-03
2.904346E-05
0.000000E+00
0.000000E+00
4.033537E-08
2.110717E-08
6.597636E-08
2.296211E-06
3.219898E-05
1.076560E-08
1.077380E-03
1.496673E-02
2.849554E-02
5.251099E-03
1.113357E-03
7.382511E-05
3.566005E-07
0.000000E+00
0.000000E+00
0.000000E+00
3.437160E-09
6.535692E-10
3.092525E-08
8.147163E-07
7.474260E-10
1.126048E-06
1.080046E-03
7.406824E-03
2.547857E-03
3.331410E-04
3.176610E-05
1.812308E-07
0.000000E+00
0.000000E+00
0.000000E+00
0.000000E+00
0.000000E+00
1.373792E-12
1.906306E-09
0.000000E+00
5.714730E-08
4.852234E-05
9.098652E-04
1.103809E-03
4.429232E-05
1.021070E-05
1.914808E-07
0.000000E+00
0.000000E+00
0.000000E+00
0.000000E+00
0.000000E+00
0.000000E+00
0.000000E+00
7.758101E-10
9.876444E-07
5.288199E-05
1.698832E-04
6.651865E-06
1.101021E-06
2.441939E-08
0.000000E+00
0.000000E+00
0.000000E+00
0.000000E+00
0.000000E+00
0.000000E+00
0.000000E+00
5.995125E-09
7.345607E-07
3.994146E-06
2.529839E-06
2.740803E-09
4.326264E-10
0.000000E+00
0.000000E+00
0.000000E+00
0.000000E+00
0.000000E+00
0.000000E+00
0.000000E+00
1.122793E-09
2.831755E-08
9.176652E-08
3.944309E-12
0.000000E+00
0.000000E+00
0.000000E+00
0.000000E+00
0.000000E+00
0.000000E+00
0.000000E+00
0.000000E+00
0.000000E+00
0.000000E+00
0.000000E+00
0.000000E+00
0.000000E+00
0.000000E+00
0.000000E+00
0.000000E+00
0.000000E+00
0.000000E+00
0.000000E+00
0.000000E+00
0.000000E+00
0.000000E+00
0.000000E+00
0.000000E+00
0.000000E+00
0.000000E+00
0.000000E+00
0.000000E+00
0.000000E+00
0.000000E+00
0.000000E+00
0.000000E+00
0.000000E+00
0.000000E+00
0.000000E+00
0.000000E+00
0.000000E+00
0.000000E+00
0.000000E+00
0.000000E+00
0.000000E+00
0.000000E+00
0.000000E+00
0.000000E+00
0.000000E+00
0.000000E+00
0.000000E+00
0.000000E+00
0.000000E+00
0.000000E+00
0.000000E+00
0.000000E+00
0.000000E+00
0.000000E+00
0.000000E+00
0.000000E+00
0.000000E+00
0.000000E+00
0.000000E+00
0.000000E+00
0.000000E+00
0.000000E+00
0.000000E+00
0.000000E+00
0.000000E+00
0.000000E+00
0.000000E+00
0.000000E+00
0.000000E+00
2.592577E-02
2.991782E-02
3.785821E-02
4.583288E-02
4.952790E-02
4.569335E-02
3.624768E-02
2.354791E-02
1.151987E-02
3.966576E-03
9.934141E-04
1.648267E-04
1.405705E-05
6.488179E-07
0.000000E+00
0.000000E+00
0.000000E+00
4.553167E-02
6.466907E-02
1.023828E-01
1.384717E-01
1.657660E-01
1.695542E-01
1.457057E-01
1.032191E-01
5.674300E-02
2.318472E-02
6.947413E-03
1.357330E-03
1.529988E-04
7.674424E-06
8.915013E-08
0.000000E+00
0.000000E+00
6.054562E-02
1.082840E-01
2.081514E-01
3.113732E-01
4.044846E-01
4.524487E-01
4.234136E-01
3.244458E-01
1.944574E-01
8.657620E-02
2.719653E-02
5.423282E-03
6.005538E-04
2.585160E-05
1.344578E-07
0.000000E+00
0.000000E+00
4.280278E-02
9.572032E-02
2.167962E-01
3.634056E-01
5.124089E-01
6.172988E-01
6.275909E-01
5.227330E-01
3.351686E-01
1.510839E-01
4.391912E-02
7.758021E-03
7.408642E-04
2.649098E-05
9.317790E-08
0.000000E+00
0.000000E+00
2.078904E-02
5.345768E-02
1.337931E-01
2.440434E-01
3.710072E-01
4.824558E-01
5.331058E-01
4.833993E-01
3.331876E-01
1.517858E-01
3.829794E-02
5.005715E-03
3.721187E-04
1.054817E-05
5.397504E-08
0.000000E+00
0.000000E+00
8.018767E-03
2.174453E-02
5.410658E-02
9.447543E-02
1.521249E-01
2.235620E-01
2.724240E-01
2.657633E-01
1.957351E-01
9.379049E-02
2.288550E-02
2.044097E-03
9.718627E-05
2.834142E-06
6.213005E-09
0.000000E+00
0.000000E+00
2.721252E-03
6.935637E-03
1.502246E-02
2.081079E-02
3.532223E-02
6.377510E-02
8.631350E-02
8.643046E-02
6.426473E-02
3.330715E-02
9.888509E-03
9.256527E-04
1.301199E-05
2.760486E-07
1.081566E-10
0.000000E+00
0.000000E+00
8.748992E-04
1.876084E-03
3.072872E-03
3.167879E-03
6.156373E-03
1.294686E-02
1.706084E-02
1.528729E-02
1.056228E-02
6.090866E-03
2.397595E-03
3.207185E-04
2.296112E-06
6.861868E-10
0.000000E+00
0.000000E+00
0.000000E+00
2.737304E-04
4.616342E-04
5.421495E-04
4.281383E-04
1.001794E-03
2.055732E-03
1.948408E-03
9.533390E-04
5.517685E-04
5.228289E-04
2.841561E-04
4.412473E-05
6.554024E-07
9.860772E-13
0.000000E+00
0.000000E+00
0.000000E+00
8.283715E-05
1.082369E-04
9.377701E-05
5.742983E-05
1.367680E-04
2.380365E-04
1.317426E-04
2.986772E-07
1.267330E-05
2.578164E-05
1.440975E-05
1.028558E-06
2.294163E-08
0.000000E+00
0.000000E+00
0.000000E+00
0.000000E+00
2.306011E-05
2.487869E-05
1.652283E-05
6.662545E-06
1.397936E-05
1.874444E-05
8.253612E-06
1.466763E-08
2.628907E-07
4.323308E-07
1.910003E-07
7.079386E-09
0.000000E+00
0.000000E+00
0.000000E+00
0.000000E+00
0.000000E+00
5.545695E-06
5.332391E-06
2.904052E-06
6.511836E-07
8.884584E-07
7.859397E-07
2.041557E-07
1.939525E-10
1.692734E-09
1.779480E-09
2.806982E-10
0.000000E+00
0.000000E+00
0.000000E+00
0.000000E+00
0.000000E+00
0.000000E+00
1.017339E-06
9.629558E-07
4.932315E-07
5.560277E-08
2.438914E-08
8.208233E-09
4.765765E-10
0.000000E+00
0.000000E+00
0.000000E+00
0.000000E+00
0.000000E+00
0.000000E+00
0.000000E+00
0.000000E+00
0.000000E+00
0.000000E+00
1.237177E-07
1.345573E-07
7.883449E-08
6.299476E-09
1.637358E-10
3.434479E-13
0.000000E+00
0.000000E+00
0.000000E+00
0.000000E+00
0.000000E+00
0.000000E+00
0.000000E+00
0.000000E+00
0.000000E+00
0.000000E+00
0.000000E+00
7.552470E-09
1.386008E-08
1.094313E-08
8.592899E-10
0.000000E+00
0.000000E+00
0.000000E+00
0.000000E+00
0.000000E+00
0.000000E+00
0.000000E+00
0.000000E+00
0.000000E+00
0.000000E+00
0.000000E+00
0.000000E+00
0.000000E+00
0.000000E+00
0.000000E+00
0.000000E+00
0.000000E+00
0.000000E+00
0.000000E+00
0.000000E+00
0.000000E+00
0.000000E+00
0.000000E+00
0.000000E+00
0.000000E+00
0.000000E+00
0.000000E+00
0.000000E+00
0.000000E+00
0.000000E+00
0.000000E+00
0.000000E+00
0.000000E+00
0.000000E+00
0.000000E+00
0.000000E+00
0.000000E+00
0.000000E+00
0.000000E+00
0.000000E+00
0.000000E+00
0.000000E+00
0.000000E+00
0.000000E+00
0.000000E+00
0.000000E+00
0.000000E+00
