Un
part
1
coordinates
4.685793E-02
3.555716E-02
5.956045E-02
7.015467E-03
7.293785E-02
7.375554E-02
1.520857E-03
2.823803E-02
1.186183E-01
9.552829E-02
3.324073E-04
6.343115E-03
6.593269E-02
1.815127E-01
1.129042E-01
7.656028E-05
1.398395E-03
1.587585E-02
1.235210E-01
2.660871E-01
1.235348E-01
1.909178E-05
2.806635E-04
2.699798E-03
4.017588E-02
2.214489E-01
3.409289E-01
1.239872E-01
5.080704E-06
5.497141E-05
3.821740E-04
5.616244E-03
8.942445E-02
3.597746E-01
3.942517E-01
1.102753E-01
1.387055E-06
1.070152E-05
4.724964E-05
5.784433E-04
2.143852E-02
1.863925E-01
5.004646E-01
4.021367E-01
8.269900E-02
3.654243E-07
2.016016E-06
5.822787E-06
8.789694E-05
4.369252E-03
6.469690E-02
3.404865E-01
5.994546E-01
3.511960E-01
5.404181E-02
8.606283E-08
3.828967E-07
8.154938E-07
1.702507E-05
8.817431E-04
1.850056E-02
1.479225E-01
5.063785E-01
6.043959E-01
2.566210E-01
2.872551E-02
1.574061E-08
7.149612E-08
9.309032E-08
3.059617E-06
1.535424E-04
4.434855E-03
4.877597E-02
2.628240E-01
6.010029E-01
4.783832E-01
1.460027E-01
1.155940E-02
1.937959E-09
1.255166E-08
7.752020E-09
3.155340E-07
2.264576E-05
7.781179E-04
1.105149E-02
9.235106E-02
3.611577E-01
5.200684E-01
2.791827E-01
5.976125E-02
3.044729E-03
1.230126E-10
1.966223E-09
7.356297E-10
2.305958E-08
1.939354E-06
6.583454E-05
1.122682E-03
1.900186E-02
1.333919E-01
3.584768E-01
2.980883E-01
1.083036E-01
1.496608E-02
4.062198E-04
0.000000E+00
3.117181E-10
1.180132E-10
6.357113E-10
6.830974E-08
2.366308E-06
7.553291E-07
1.026306E-03
3.048741E-02
1.556060E-01
2.116038E-01
1.019179E-01
2.262222E-02
1.482969E-03
6.171297E-06
0.000000E+00
0.000000E+00
2.024701E-11
1.856086E-12
3.279472E-10
2.958840E-08
1.624428E-07
2.801779E-05
4.377759E-03
4.666903E-02
1.056569E-01
6.578859E-02
1.803339E-02
1.427997E-03
2.175910E-05
2.973441E-09
0.000000E+00
0.000000E+00
0.000000E+00
0.000000E+00
2.038008E-11
6.447334E-09
3.998492E-06
4.889446E-04
1.021670E-02
3.504762E-02
3.161475E-02
1.116652E-02
1.462379E-03
2.886896E-05
2.195025E-08
0.000000E+00
0.000000E+00
0.000000E+00
0.000000E+00
7.554161E-11
1.713361E-07
4.894133E-05
1.596181E-03
7.689544E-03
1.084329E-02
4.459850E-03
8.185208E-04
2.019791E-05
3.899137E-08
0.000000E+00
0.000000E+00
0.000000E+00
0.000000E+00
2.834950E-09
2.492155E-06
1.270809E-04
1.012711E-03
2.186283E-03
1.112431E-03
3.183283E-04
1.858992E-05
4.516141E-08
0.000000E+00
0.000000E+00
0.000000E+00
8.903245E-12
2.725274E-08
3.468126E-06
5.754556E-05
2.023986E-04
1.995913E-04
8.312167E-05
8.050916E-06
2.336089E-08
0.000000E+00
0.000000E+00
0.000000E+00
1.973916E-11
1.610583E-08
6.733656E-07
4.511134E-06
9.469128E-06
1.197518E-05
2.403004E-06
1.431183E-08
0.000000E+00
0.000000E+00
0.000000E+00
1.144648E-12
1.666027E-09
3.222601E-08
2.174582E-07
6.878630E-07
4.115765E-07
7.485192E-09
0.000000E+00
0.000000E+00
0.000000E+00
0.000000E+00
0.000000E+00
5.135476E-09
1.882144E-08
2.487725E-08
1.413922E-09
0.000000E+00
0.000000E+00
0.000000E+00
0.000000E+00
0.000000E+00
1.587487E-11
1.892669E-11
8.361020E-11
0.000000E+00
0.000000E+00
0.000000E+00
0.000000E+00
0.000000E+00
0.000000E+00
0.000000E+00
0.000000E+00
0.000000E+00
0.000000E+00
0.000000E+00
0.000000E+00
0.000000E+00
0.000000E+00
0.000000E+00
0.000000E+00
0.000000E+00
0.000000E+00
0.000000E+00
0.000000E+00
0.000000E+00
0.000000E+00
0.000000E+00
0.000000E+00
0.000000E+00
0.000000E+00
0.000000E+00
0.000000E+00
4.685793E-02
5.320919E-02
6.665799E-02
8.464192E-02
1.042162E-01
1.182195E-01
1.237610E-01
1.171313E-01
9.648713E-02
6.837040E-02
4.138366E-02
2.014245E-02
7.302064E-03
1.725474E-03
2.061955E-04
3.087135E-06
2.973441E-09
4.120754E-02
5.372835E-02
8.121803E-02
1.173537E-01
1.640081E-01
2.108638E-01
2.456757E-01
2.576627E-01
2.365767E-01
1.861394E-01
1.213478E-01
6.151221E-02
2.233287E-02
4.975000E-03
4.792798E-04
6.988830E-06
1.246185E-08
2.128631E-02
3.593713E-02
7.143171E-02
1.223962E-01
1.981424E-01
2.970599E-01
3.988549E-01
4.740769E-01
4.892958E-01
4.226490E-01
2.900474E-01
1.483126E-01
5.141328E-02
1.012482E-02
7.403987E-04
1.267225E-05
3.047081E-08
4.268162E-03
1.077937E-02
2.909742E-02
6.137636E-02
1.186426E-01
2.142601E-01
3.467795E-01
4.866960E-01
5.778080E-01
5.509626E-01
3.939306E-01
1.968731E-01
6.271928E-02
1.088650E-02
7.348609E-04
1.228775E-05
4.207639E-08
9.266320E-04
2.398694E-03
6.579289E-03
1.609194E-02
3.916377E-02
9.048808E-02
1.848746E-01
3.144029E-01
4.328408E-01
4.601764E-01
3.470593E-01
1.693497E-01
4.922661E-02
7.870203E-03
5.799220E-04
9.714087E-06
3.426115E-08
2.044838E-04
5.220066E-04
1.190258E-03
2.319165E-03
8.000615E-03
2.725131E-02
6.997398E-02
1.379684E-01
2.124312E-01
2.521581E-01
2.078359E-01
1.036660E-01
2.825743E-02
4.190804E-03
2.908725E-04
6.669627E-06
1.883636E-08
4.782603E-05
1.078217E-04
1.912646E-04
2.739410E-04
1.479334E-03
7.046603E-03
2.069072E-02
4.279510E-02
6.880806E-02
9.153858E-02
8.574487E-02
4.579063E-02
1.200758E-02
1.493433E-03
1.029760E-04
2.618929E-06
1.089851E-08
1.208624E-05
2.246135E-05
2.968634E-05
3.949861E-05
2.850519E-04
1.562065E-03
4.346785E-03
8.050584E-03
1.372333E-02
2.293772E-02
2.490572E-02
1.394168E-02
3.585399E-03
3.517799E-04
2.447786E-05
7.058699E-07
4.449557E-09
3.233879E-06
4.796323E-06
4.838954E-06
6.680743E-06
4.906822E-05
2.550351E-04
4.918474E-04
5.444403E-04
1.480257E-03
4.169897E-03
5.128784E-03
2.772734E-03
6.494356E-04
5.543087E-05
3.274874E-06
1.094878E-07
7.487660E-10
8.762395E-07
1.037848E-06
8.268743E-07
1.070934E-06
6.990067E-06
2.319649E-05
1.727965E-05
8.233514E-06
1.424756E-04
5.652870E-04
6.983797E-04
3.192916E-04
5.414909E-05
2.598318E-06
1.828952E-07
6.244948E-09
4.180510E-11
2.257435E-07
2.264700E-07
1.388088E-07
1.098590E-07
5.865644E-07
1.100890E-06
6.411966E-07
1.084680E-06
1.390083E-05
4.549563E-05
4.719199E-05
1.569057E-05
1.191489E-06
6.035774E-08
4.714061E-09
4.731673E-12
0.000000E+00
5.090172E-08
4.646281E-08
2.313386E-08
8.045736E-09
2.308324E-08
2.456162E-08
9.032915E-09
4.517349E-08
6.733947E-07
1.500910E-06
1.039816E-06
1.768144E-07
9.340372E-09
1.287838E-09
3.968719E-12
0.000000E+00
0.000000E+00
8.839286E-09
8.049115E-09
3.842883E-09
3.728026E-10
2.413787E-10
8.708181E-11
2.398042E-11
7.298488E-10
7.529082E-09
1.084486E-08
4.443252E-09
4.165069E-10
0.000000E+00
0.000000E+00
0.000000E+00
0.000000E+00
0.000000E+00
1.030486E-09
1.084728E-09
6.040503E-10
3.502908E-11
4.640214E-13
0.000000E+00
0.000000E+00
2.225811E-12
7.160602E-12
5.220953E-12
2.861620E-13
0.000000E+00
0.000000E+00
0.000000E+00
0.000000E+00
0.000000E+00
0.000000E+00
6.150631E-11
1.086827E-10
8.299128E-11
5.061752E-12
0.000000E+00
0.000000E+00
0.000000E+00
0.000000E+00
0.000000E+00
0.000000E+00
0.000000E+00
0.000000E+00
0.000000E+00
0.000000E+00
0.000000E+00
0.000000E+00
0.000000E+00
0.000000E+00
0.000000E+00
0.000000E+00
0.000000E+00
0.000000E+00
0.000000E+00
0.000000E+00
0.000000E+00
0.000000E+00
0.000000E+00
0.000000E+00
0.000000E+00
0.000000E+00
0.000000E+00
0.000000E+00
0.000000E+00
0.000000E+00
0.000000E+00
0.000000E+00
0.000000E+00
0.000000E+00
0.000000E+00
0.000000E+00
0.000000E+00
0.000000E+00
0.000000E+00
0.000000E+00
0.000000E+00
0.000000E+00
0.000000E+00
0.000000E+00
0.000000E+00
0.000000E+00
0.000000E+00
