Un
part
1
coordinates
0.000000E+00
4.698609E-06
0.000000E+00
3.781481E-03
0.000000E+00
0.000000E+00
2.865920E-02
1.137964E-02
0.000000E+00
0.000000E+00
6.215520E-02
1.226388E-01
7.325925E-03
0.000000E+00
0.000000E+00
6.673423E-02
3.315958E-01
1.457573E-01
5.120227E-03
0.000000E+00
0.000000E+00
7.047981E-02
4.730310E-01
4.963296E-01
9.428384E-02
1.360595E-03
0.000000E+00
0.000000E+00
7.341979E-02
5.007925E-01
8.074147E-01
4.320550E-01
4.102019E-02
2.512326E-04
0.000000E+00
0.000000E+00
6.648822E-02
4.436111E-01
8.927103E-01
8.685248E-01
2.216250E-01
8.224354E-03
2.591046E-05
0.000000E+00
0.000000E+00
4.256264E-02
3.130433E-01
7.516533E-01
8.417936E-01
5.350179E-01
5.481522E-02
4.635510E-04
0.000000E+00
0.000000E+00
0.000000E+00
2.092058E-02
1.594013E-01
4.348864E-01
6.404536E-01
4.905763E-01
1.612586E-01
3.959423E-03
2.833291E-09
0.000000E+00
0.000000E+00
0.000000E+00
7.304511E-03
5.627751E-02
1.490243E-01
2.724618E-01
2.966322E-01
1.329759E-01
1.641923E-02
9.587589E-06
0.000000E+00
0.000000E+00
0.000000E+00
0.000000E+00
1.484954E-03
1.392210E-02
3.074495E-02
5.770491E-02
1.070832E-01
4.378107E-02
1.514807E-02
1.119734E-04
0.000000E+00
0.000000E+00
0.000000E+00
0.000000E+00
0.000000E+00
1.183433E-04
2.580835E-03
4.533219E-03
8.692319E-03
2.489365E-02
1.578009E-02
2.631204E-03
2.376458E-04
0.000000E+00
0.000000E+00
0.000000E+00
0.000000E+00
0.000000E+00
0.000000E+00
0.000000E+00
4.602646E-04
7.020231E-04
1.129721E-03
3.774166E-03
4.664151E-03
0.000000E+00
5.362580E-05
0.000000E+00
0.000000E+00
0.000000E+00
0.000000E+00
0.000000E+00
0.000000E+00
0.000000E+00
0.000000E+00
0.000000E+00
9.816805E-05
7.245097E-05
2.718580E-04
5.957150E-04
0.000000E+00
0.000000E+00
0.000000E+00
0.000000E+00
0.000000E+00
0.000000E+00
0.000000E+00
0.000000E+00
0.000000E+00
0.000000E+00
0.000000E+00
0.000000E+00
1.633034E-07
8.857965E-07
1.702074E-05
0.000000E+00
0.000000E+00
0.000000E+00
0.000000E+00
0.000000E+00
0.000000E+00
0.000000E+00
0.000000E+00
0.000000E+00
0.000000E+00
0.000000E+00
0.000000E+00
0.000000E+00
1.939640E-12
0.000000E+00
0.000000E+00
0.000000E+00
0.000000E+00
0.000000E+00
0.000000E+00
0.000000E+00
0.000000E+00
0.000000E+00
0.000000E+00
0.000000E+00
0.000000E+00
0.000000E+00
0.000000E+00
0.000000E+00
0.000000E+00
0.000000E+00
0.000000E+00
0.000000E+00
0.000000E+00
0.000000E+00
0.000000E+00
0.000000E+00
0.000000E+00
0.000000E+00
0.000000E+00
0.000000E+00
0.000000E+00
0.000000E+00
0.000000E+00
0.000000E+00
0.000000E+00
0.000000E+00
0.000000E+00
0.000000E+00
0.000000E+00
0.000000E+00
0.000000E+00
0.000000E+00
0.000000E+00
0.000000E+00
0.000000E+00
0.000000E+00
0.000000E+00
0.000000E+00
0.000000E+00
0.000000E+00
0.000000E+00
0.000000E+00
0.000000E+00
0.000000E+00
0.000000E+00
0.000000E+00
0.000000E+00
0.000000E+00
0.000000E+00
0.000000E+00
0.000000E+00
0.000000E+00
0.000000E+00
0.000000E+00
0.000000E+00
0.000000E+00
0.000000E+00
0.000000E+00
0.000000E+00
0.000000E+00
0.000000E+00
0.000000E+00
0.000000E+00
0.000000E+00
0.000000E+00
0.000000E+00
0.000000E+00
0.000000E+00
0.000000E+00
0.000000E+00
0.000000E+00
0.000000E+00
0.000000E+00
0.000000E+00
0.000000E+00
0.000000E+00
0.000000E+00
0.000000E+00
0.000000E+00
0.000000E+00
0.000000E+00
0.000000E+00
0.000000E+00
0.000000E+00
0.000000E+00
0.000000E+00
0.000000E+00
0.000000E+00
0.000000E+00
0.000000E+00
0.000000E+00
0.000000E+00
0.000000E+00
0.000000E+00
0.000000E+00
0.000000E+00
0.000000E+00
0.000000E+00
0.000000E+00
0.000000E+00
0.000000E+00
0.000000E+00
0.000000E+00
0.000000E+00
0.000000E+00
0.000000E+00
0.000000E+00
0.000000E+00
0.000000E+00
0.000000E+00
0.000000E+00
2.349304E-06
1.174652E-06
0.000000E+00
0.000000E+00
0.000000E+00
0.000000E+00
0.000000E+00
0.000000E+00
0.000000E+00
0.000000E+00
0.000000E+00
0.000000E+00
0.000000E+00
0.000000E+00
0.000000E+00
0.000000E+00
0.000000E+00
1.893090E-03
3.791456E-03
4.676392E-03
3.111538E-03
1.620205E-03
4.029569E-04
6.928576E-05
6.477614E-06
0.000000E+00
0.000000E+00
0.000000E+00
0.000000E+00
0.000000E+00
0.000000E+00
0.000000E+00
0.000000E+00
0.000000E+00
1.622034E-02
4.161478E-02
7.177541E-02
6.312182E-02
3.544621E-02
1.271409E-02
2.241262E-03
1.223661E-04
7.083228E-10
0.000000E+00
0.000000E+00
0.000000E+00
0.000000E+00
0.000000E+00
0.000000E+00
0.000000E+00
0.000000E+00
4.540720E-02
1.362623E-01
2.740804E-01
2.921064E-01
1.972460E-01
8.142119E-02
1.686564E-02
1.108141E-03
2.397606E-06
0.000000E+00
0.000000E+00
0.000000E+00
0.000000E+00
0.000000E+00
0.000000E+00
0.000000E+00
0.000000E+00
6.444472E-02
2.333791E-01
5.270928E-01
6.510810E-01
5.143057E-01
2.431792E-01
5.911311E-02
5.125054E-03
3.039025E-05
0.000000E+00
0.000000E+00
0.000000E+00
0.000000E+00
0.000000E+00
0.000000E+00
0.000000E+00
0.000000E+00
6.860702E-02
2.777594E-01
6.684871E-01
8.526109E-01
6.839782E-01
3.299571E-01
8.145044E-02
7.979230E-03
8.740481E-05
0.000000E+00
0.000000E+00
0.000000E+00
0.000000E+00
0.000000E+00
0.000000E+00
0.000000E+00
0.000000E+00
7.194980E-02
2.720758E-01
6.471918E-01
7.816527E-01
5.673639E-01
2.409914E-01
4.863406E-02
4.517636E-03
7.281791E-05
0.000000E+00
0.000000E+00
0.000000E+00
0.000000E+00
0.000000E+00
0.000000E+00
0.000000E+00
0.000000E+00
6.995401E-02
2.241406E-01
4.857985E-01
5.248638E-01
3.291577E-01
1.158192E-01
1.554809E-02
6.712074E-04
1.340645E-05
0.000000E+00
0.000000E+00
0.000000E+00
0.000000E+00
0.000000E+00
0.000000E+00
0.000000E+00
0.000000E+00
5.452543E-02
1.453739E-01
2.640888E-01
2.285193E-01
1.155359E-01
3.810528E-02
5.111061E-03
0.000000E+00
0.000000E+00
0.000000E+00
0.000000E+00
0.000000E+00
0.000000E+00
0.000000E+00
0.000000E+00
0.000000E+00
0.000000E+00
3.174161E-02
6.979052E-02
9.886203E-02
6.154162E-02
2.376626E-02
8.481921E-03
1.314966E-03
0.000000E+00
0.000000E+00
0.000000E+00
0.000000E+00
0.000000E+00
0.000000E+00
0.000000E+00
0.000000E+00
0.000000E+00
0.000000E+00
1.411254E-02
2.460618E-02
2.636945E-02
1.127505E-02
3.467016E-03
1.164690E-03
1.531839E-04
0.000000E+00
0.000000E+00
0.000000E+00
0.000000E+00
0.000000E+00
0.000000E+00
0.000000E+00
0.000000E+00
0.000000E+00
0.000000E+00
4.394732E-03
6.323101E-03
5.434545E-03
1.609353E-03
3.687289E-04
7.244114E-05
4.255186E-06
0.000000E+00
0.000000E+00
0.000000E+00
0.000000E+00
0.000000E+00
0.000000E+00
0.000000E+00
0.000000E+00
0.000000E+00
0.000000E+00
8.016487E-04
1.161099E-03
9.603226E-04
2.182014E-04
1.837502E-05
2.214496E-07
4.849099E-13
0.000000E+00
0.000000E+00
0.000000E+00
0.000000E+00
0.000000E+00
0.000000E+00
0.000000E+00
0.000000E+00
0.000000E+00
0.000000E+00
5.917167E-05
1.446520E-04
1.396082E-04
2.458284E-05
4.082584E-08
0.000000E+00
0.000000E+00
0.000000E+00
0.000000E+00
0.000000E+00
0.000000E+00
0.000000E+00
0.000000E+00
0.000000E+00
0.000000E+00
0.000000E+00
0.000000E+00
0.000000E+00
0.000000E+00
0.000000E+00
0.000000E+00
0.000000E+00
0.000000E+00
0.000000E+00
0.000000E+00
0.000000E+00
0.000000E+00
0.000000E+00
0.000000E+00
0.000000E+00
0.000000E+00
0.000000E+00
0.000000E+00
0.000000E+00
0.000000E+00
0.000000E+00
0.000000E+00
0.000000E+00
0.000000E+00
0.000000E+00
0.000000E+00
0.000000E+00
0.000000E+00
0.000000E+00
0.000000E+00
0.000000E+00
0.000000E+00
0.000000E+00
0.000000E+00
0.000000E+00
0.000000E+00
