Un
part
1
coordinates
2.303639E-02
1.865554E-03
2.706436E-02
2.194751E-05
3.857554E-03
3.200291E-02
2.596553E-06
1.433574E-04
6.876568E-03
4.105586E-02
4.108213E-07
9.611812E-06
4.972235E-04
1.246718E-02
5.274270E-02
7.777055E-08
1.499140E-06
2.357047E-05
1.348299E-03
2.400694E-02
6.725724E-02
1.712548E-08
2.495527E-07
2.349267E-06
1.072482E-04
3.893246E-03
4.404623E-02
8.489834E-02
4.193859E-09
4.400150E-08
3.141280E-07
8.793547E-06
5.063401E-04
1.166530E-02
7.774066E-02
1.045150E-01
1.073949E-09
8.043479E-09
4.958728E-08
1.756655E-06
1.387830E-04
2.229363E-03
3.237158E-02
1.301816E-01
1.227287E-01
2.697021E-10
1.460950E-09
1.011092E-08
5.208211E-07
4.648656E-05
1.107424E-03
9.514631E-03
8.107227E-02
2.022529E-01
1.366918E-01
6.081850E-11
2.593148E-10
2.112253E-09
1.545463E-07
1.214766E-05
6.082485E-04
5.657517E-03
3.559143E-02
1.765732E-01
2.763164E-01
1.416120E-01
1.068382E-11
4.676658E-11
1.936106E-10
3.099595E-08
2.745933E-06
2.223132E-04
3.692885E-03
2.248708E-02
1.107255E-01
3.109974E-01
3.271496E-01
1.333543E-01
1.272140E-12
8.001393E-12
4.982604E-12
2.450958E-09
5.869283E-07
4.555305E-05
1.426289E-03
1.589178E-02
7.381833E-02
2.671334E-01
4.347252E-01
3.246335E-01
1.081300E-01
0.000000E+00
1.230139E-12
0.000000E+00
1.356183E-10
6.145099E-08
4.590714E-06
2.319140E-04
6.231390E-03
5.299305E-02
2.032306E-01
4.592591E-01
4.705318E-01
2.548296E-01
6.756386E-02
0.000000E+00
0.000000E+00
0.000000E+00
2.449973E-12
6.088505E-09
1.636927E-06
3.337380E-05
6.701498E-04
2.611546E-02
1.468257E-01
4.070318E-01
5.501953E-01
3.695442E-01
1.298134E-01
1.902997E-02
0.000000E+00
0.000000E+00
0.000000E+00
0.000000E+00
3.391345E-10
3.543614E-07
3.116956E-05
4.433484E-04
9.546741E-03
9.076621E-02
3.050946E-01
5.246132E-01
4.220775E-01
1.670458E-01
2.859833E-02
1.413170E-03
0.000000E+00
0.000000E+00
0.000000E+00
3.906117E-11
2.390900E-08
7.669479E-06
3.181033E-04
3.879269E-03
4.812137E-02
1.973636E-01
4.121447E-01
4.104397E-01
1.875201E-01
3.532664E-02
1.725049E-03
0.000000E+00
0.000000E+00
0.000000E+00
1.814254E-09
6.346995E-07
7.976697E-05
1.947109E-03
2.101269E-02
1.063560E-01
2.649259E-01
3.259160E-01
1.752989E-01
3.657660E-02
2.011304E-03
0.000000E+00
0.000000E+00
1.663052E-11
2.541373E-08
7.933311E-06
4.763674E-04
6.808532E-03
4.468242E-02
1.340298E-01
2.002611E-01
1.328517E-01
3.379318E-02
2.184387E-03
0.000000E+00
0.000000E+00
8.810545E-11
2.676690E-07
5.142831E-05
1.247812E-03
1.167875E-02
4.842823E-02
9.175700E-02
7.987879E-02
2.492090E-02
1.828492E-03
0.000000E+00
0.000000E+00
2.508827E-09
1.858286E-06
9.595331E-05
1.519741E-03
9.895263E-03
2.968837E-02
3.671458E-02
1.503467E-02
1.394961E-03
0.000000E+00
1.107798E-12
7.029865E-09
1.754634E-06
7.597448E-05
1.012639E-03
6.583531E-03
1.204960E-02
6.861956E-03
8.798544E-04
0.000000E+00
1.250563E-12
3.467656E-09
7.622627E-07
4.917745E-05
8.637713E-04
2.996151E-03
2.102891E-03
4.104750E-04
0.000000E+00
0.000000E+00
2.421136E-09
8.228258E-07
5.223524E-05
4.849295E-04
4.996145E-04
1.195876E-04
0.000000E+00
0.000000E+00
3.143614E-09
1.020468E-06
4.687576E-05
8.469917E-05
2.293211E-05
0.000000E+00
0.000000E+00
9.109049E-09
1.834091E-06
9.014300E-06
4.229400E-06
0.000000E+00
0.000000E+00
6.962081E-09
5.345071E-07
3.369761E-07
0.000000E+00
0.000000E+00
8.396171E-09
2.742668E-08
0.000000E+00
0.000000E+00
2.192765E-10
0.000000E+00
0.000000E+00
0.000000E+00
2.303639E-02
2.505037E-02
2.953364E-02
3.652938E-02
4.689928E-02
5.999997E-02
7.607779E-02
9.470666E-02
1.136218E-01
1.297103E-01
1.391519E-01
1.374831E-01
1.207421E-01
8.784693E-02
4.329691E-02
1.022157E-02
1.413170E-03
1.245097E-02
1.395596E-02
1.745035E-02
2.310063E-02
3.256817E-02
4.701328E-02
6.848562E-02
9.933390E-02
1.399196E-01
1.844975E-01
2.204425E-01
2.316874E-01
2.052369E-01
1.400842E-01
6.125139E-02
1.269163E-02
1.569109E-03
9.437506E-04
1.472103E-03
2.843676E-03
5.297318E-03
1.042892E-02
2.090293E-02
4.145594E-02
8.034153E-02
1.475200E-01
2.415350E-01
3.372972E-01
3.892600E-01
3.548848E-01
2.303082E-01
9.019604E-02
1.691533E-02
1.868176E-03
1.227203E-05
4.437833E-05
1.684408E-04
4.940852E-04
1.463783E-03
4.573561E-03
1.394522E-02
3.963748E-02
1.009906E-01
2.163574E-01
3.680288E-01
4.786779E-01
4.530872E-01
2.865469E-01
1.066173E-01
1.902473E-02
2.097845E-03
1.503687E-06
3.529582E-06
9.257673E-06
3.549036E-05
1.902912E-04
9.954775E-04
4.627234E-03
1.831266E-02
6.065557E-02
1.637270E-01
3.341637E-01
4.852749E-01
4.768315E-01
2.988341E-01
1.082972E-01
1.859566E-02
2.006440E-03
2.442959E-07
5.593211E-07
1.103022E-06
3.303399E-06
4.895495E-05
4.752356E-04
2.766519E-03
1.193232E-02
4.129756E-02
1.192169E-01
2.655457E-01
4.122211E-01
4.182784E-01
2.611266E-01
9.171617E-02
1.548438E-02
1.611726E-03
4.744802E-08
9.711255E-08
1.643174E-07
6.602979E-07
1.522792E-05
2.222990E-04
1.487434E-03
6.810586E-03
2.530792E-02
7.917510E-02
1.850125E-01
2.948822E-01
3.008119E-01
1.847269E-01
6.317151E-02
1.055760E-02
1.137407E-03
1.065967E-08
1.834108E-08
2.793579E-08
1.837664E-07
3.892239E-06
7.068995E-05
4.815173E-04
2.139936E-03
1.064094E-02
4.363745E-02
1.106518E-01
1.756688E-01
1.727435E-01
1.021529E-01
3.462250E-02
5.796739E-03
6.451647E-04
2.633904E-09
3.693059E-09
5.431900E-09
4.944135E-08
8.796008E-07
1.336916E-05
7.885789E-05
3.446965E-04
3.634877E-03
2.064002E-02
5.504311E-02
8.337410E-02
7.597584E-02
4.255239E-02
1.443226E-02
2.373727E-03
2.650313E-04
6.718253E-10
7.659788E-10
1.006532E-09
8.938194E-09
1.704566E-07
1.719005E-06
1.769275E-05
2.064988E-04
1.646957E-03
8.411901E-03
2.104560E-02
2.867117E-02
2.364885E-02
1.282941E-02
4.412065E-03
6.862563E-04
7.125986E-05
1.652603E-10
1.591505E-10
1.261686E-10
6.962923E-10
1.753152E-08
5.147069E-07
1.020758E-05
1.091773E-04
7.053366E-04
2.619955E-03
5.313708E-03
6.026597E-03
4.588801E-03
2.732096E-03
1.016349E-03
1.528688E-04
1.358076E-05
3.575116E-11
3.156757E-11
1.493765E-11
3.576272E-11
1.641427E-09
9.617450E-08
2.170612E-06
2.400112E-05
1.538740E-04
4.678903E-04
7.348702E-04
6.643828E-04
4.944556E-04
3.619530E-04
1.563797E-04
2.456996E-05
2.283188E-06
5.977981E-12
5.296874E-12
2.307883E-12
6.124933E-13
9.516141E-11
6.525363E-09
1.714591E-07
2.215273E-06
1.537189E-05
3.774863E-05
4.361117E-05
3.168425E-05
2.581400E-05
2.549139E-05
1.456466E-05
2.478303E-06
1.822014E-07
6.360699E-13
6.255698E-13
3.075348E-13
0.000000E+00
9.765293E-12
4.674865E-10
6.833180E-09
7.391991E-08
5.338735E-07
9.058544E-07
6.306963E-07
3.976633E-07
4.638866E-07
7.176576E-07
5.959892E-07
1.426373E-07
1.382298E-08
0.000000E+00
0.000000E+00
0.000000E+00
0.000000E+00
0.000000E+00
4.157631E-12
2.618399E-11
6.495100E-10
2.385263E-09
2.624693E-09
1.472198E-09
1.391187E-09
3.063166E-09
4.017783E-09
3.839563E-09
2.153862E-09
1.096382E-10
0.000000E+00
0.000000E+00
0.000000E+00
0.000000E+00
0.000000E+00
0.000000E+00
0.000000E+00
2.769496E-13
5.895904E-13
3.126408E-13
0.000000E+00
0.000000E+00
0.000000E+00
0.000000E+00
0.000000E+00
0.000000E+00
0.000000E+00
0.000000E+00
0.000000E+00
0.000000E+00
0.000000E+00
0.000000E+00
0.000000E+00
0.000000E+00
0.000000E+00
0.000000E+00
0.000000E+00
0.000000E+00
0.000000E+00
0.000000E+00
0.000000E+00
0.000000E+00
0.000000E+00
0.000000E+00
