Un
part
1
coordinates
9.986306E-03
1.802125E-04
1.126007E-02
2.304929E-07
3.453421E-04
1.282743E-02
2.380159E-08
2.004460E-06
6.002455E-04
1.563910E-02
3.514348E-09
8.438470E-08
8.768408E-06
1.095253E-03
1.941166E-02
6.352630E-10
1.246539E-08
2.141839E-07
2.771354E-05
2.204522E-03
2.449953E-02
1.354313E-10
2.013193E-09
2.448934E-08
1.338153E-06
9.569802E-05
4.442484E-03
3.156582E-02
3.239121E-11
3.509101E-10
4.707377E-09
2.273149E-07
9.894082E-06
3.656152E-04
9.024679E-03
4.139469E-02
8.133564E-12
6.500928E-11
1.177942E-09
8.045762E-08
5.975171E-06
6.030078E-05
1.379975E-03
1.841722E-02
5.485539E-02
2.010262E-12
1.255417E-11
4.635115E-10
3.184086E-08
2.790690E-06
7.671170E-05
3.423839E-04
4.998898E-03
3.724588E-02
7.169640E-02
0.000000E+00
2.001463E-12
3.820521E-10
2.347699E-08
9.644103E-07
6.747676E-05
5.101424E-04
1.708369E-03
1.686686E-02
7.020575E-02
9.203086E-02
0.000000E+00
0.000000E+00
1.197935E-10
5.146194E-08
6.443371E-07
3.089150E-05
6.016173E-04
2.456866E-03
7.703868E-03
5.027062E-02
1.201711E-01
1.140627E-01
0.000000E+00
0.000000E+00
2.836182E-11
2.864147E-08
1.742535E-06
1.180705E-05
3.445701E-04
3.616314E-03
9.890573E-03
3.337284E-02
1.201427E-01
1.802684E-01
1.326641E-01
0.000000E+00
0.000000E+00
6.424972E-12
7.330464E-09
1.633398E-06
2.525652E-05
1.169805E-04
2.466600E-03
1.569417E-02
3.719259E-02
1.116429E-01
2.234141E-01
2.283639E-01
1.370666E-01
0.000000E+00
0.000000E+00
1.788558E-12
1.748561E-09
6.358998E-07
3.343125E-05
2.204216E-04
5.879857E-04
1.455532E-02
5.261975E-02
1.252587E-01
2.621300E-01
3.159538E-01
2.232840E-01
9.509167E-02
0.000000E+00
0.000000E+00
0.000000E+00
3.626757E-10
1.158753E-07
1.607476E-05
3.561979E-04
1.566136E-03
9.782099E-03
5.881003E-02
1.513595E-01
3.020482E-01
3.987568E-01
3.011811E-01
1.265570E-01
2.411520E-02
0.000000E+00
0.000000E+00
5.637899E-11
2.285575E-08
3.000516E-06
1.834759E-04
2.304863E-03
9.497357E-03
5.532597E-02
1.667177E-01
3.329529E-01
4.564866E-01
3.639176E-01
1.544748E-01
2.627248E-02
0.000000E+00
0.000000E+00
1.073698E-09
4.677408E-07
3.796414E-05
1.186965E-03
9.879831E-03
4.547134E-02
1.581988E-01
3.392424E-01
4.805345E-01
4.053849E-01
1.752431E-01
2.838569E-02
0.000000E+00
0.000000E+00
2.025359E-08
4.491928E-06
2.760592E-04
5.001350E-03
3.213383E-02
1.243742E-01
3.024378E-01
4.508333E-01
4.013161E-01
1.836590E-01
3.056156E-02
0.000000E+00
6.908041E-11
1.298103E-07
2.669561E-05
1.259565E-03
1.404279E-02
7.297229E-02
2.203939E-01
3.623551E-01
3.461902E-01
1.684633E-01
2.912229E-02
0.000000E+00
3.030911E-10
1.081060E-06
1.383284E-04
3.081388E-03
2.604062E-02
1.104573E-01
2.361184E-01
2.564408E-01
1.369196E-01
2.541783E-02
0.000000E+00
8.592140E-09
4.987464E-06
2.770432E-04
4.695830E-03
3.373678E-02
1.127560E-01
1.559166E-01
9.482057E-02
1.965459E-02
1.376539E-11
4.276328E-08
9.306080E-06
4.078478E-04
6.055440E-03
3.676099E-02
7.578223E-02
5.264005E-02
1.292694E-02
1.123703E-10
1.079872E-07
1.636930E-05
5.971005E-04
7.225024E-03
2.715675E-02
2.472436E-02
6.491459E-03
3.880526E-10
2.380741E-07
2.620482E-05
7.473062E-04
6.599442E-03
8.991937E-03
2.763696E-03
6.230466E-10
4.758948E-07
4.058566E-05
8.622301E-04
2.419382E-03
1.004306E-03
8.011326E-10
4.474810E-07
3.283109E-05
4.113362E-04
2.692370E-04
1.172739E-09
5.179154E-07
2.952403E-05
5.395292E-05
9.522685E-10
3.606246E-07
5.594490E-06
5.503738E-10
8.475743E-08
1.171511E-10
9.986306E-03
1.062319E-02
1.204375E-02
1.423326E-02
1.752538E-02
2.195560E-02
2.803268E-02
3.648026E-02
4.812504E-02
6.327590E-02
8.186363E-02
1.030468E-01
1.233634E-01
1.348653E-01
1.160791E-01
5.960343E-02
2.411520E-02
5.083259E-03
5.442982E-03
6.258271E-03
7.540506E-03
9.587633E-03
1.263955E-02
1.738313E-02
2.510060E-02
3.797830E-02
5.850085E-02
8.852603E-02
1.266333E-01
1.638398E-01
1.803446E-01
1.454998E-01
6.800909E-02
2.519384E-02
9.022150E-05
1.319474E-04
2.390901E-04
4.329951E-04
8.557966E-04
1.777080E-03
3.803188E-03
8.455193E-03
1.938222E-02
4.364728E-02
9.019754E-02
1.609991E-01
2.370000E-01
2.671957E-01
2.013742E-01
8.392250E-02
2.732909E-02
1.271473E-07
5.857849E-07
2.767859E-06
9.508570E-06
3.366095E-05
1.328770E-04
5.370686E-04
2.107407E-03
7.819499E-03
2.705355E-02
7.885727E-02
1.793324E-01
3.000637E-01
3.449523E-01
2.487042E-01
9.716630E-02
2.947362E-02
1.365797E-08
3.104151E-08
8.388084E-08
4.510354E-07
4.358680E-06
3.822043E-05
2.473847E-04
1.254440E-03
5.439919E-03
2.203997E-02
7.686676E-02
2.002699E-01
3.548554E-01
4.061365E-01
2.820511E-01
1.046465E-01
2.984192E-02
2.074805E-09
4.657047E-09
1.091882E-08
8.424232E-08
2.268408E-06
3.823858E-05
3.139871E-04
1.796235E-03
7.914480E-03
2.884927E-02
9.160764E-02
2.279048E-01
3.930056E-01
4.359305E-01
2.897058E-01
1.016656E-01
2.727006E-02
3.853471E-10
7.836992E-10
2.062355E-09
2.954595E-08
9.668497E-07
2.553084E-05
2.611389E-04
1.757275E-03
9.083100E-03
3.541981E-02
1.073768E-01
2.475681E-01
4.008908E-01
4.197186E-01
2.632223E-01
8.761383E-02
2.253621E-02
8.391124E-11
1.459355E-10
5.143431E-10
1.423982E-08
4.160163E-07
1.107682E-05
1.260623E-04
8.790341E-04
6.848001E-03
3.461835E-02
1.097631E-01
2.416492E-01
3.637171E-01
3.539549E-01
2.085928E-01
6.608043E-02
1.629076E-02
2.026239E-11
2.952206E-11
2.307817E-10
1.894612E-08
6.154528E-07
9.862609E-06
9.361642E-05
6.228810E-04
5.358394E-03
3.001919E-02
9.584256E-02
2.013511E-01
2.803263E-01
2.527077E-01
1.399545E-01
4.171975E-02
9.709197E-03
5.071913E-12
6.174865E-12
1.291003E-10
2.015131E-08
8.640091E-07
1.551592E-05
1.588268E-04
1.111905E-03
5.812047E-03
2.424559E-02
6.873790E-02
1.320494E-01
1.699314E-01
1.451433E-01
7.726581E-02
2.165489E-02
4.627578E-03
1.005131E-12
1.002931E-12
3.753920E-11
9.030023E-09
5.763175E-07
1.294383E-05
1.472949E-04
1.007875E-03
4.593252E-03
1.526445E-02
3.629738E-02
6.080174E-02
7.342777E-02
6.311400E-02
3.416382E-02
9.371074E-03
1.884001E-03
0.000000E+00
0.000000E+00
8.696698E-12
2.278453E-09
1.902135E-07
4.956762E-06
6.012882E-05
4.211161E-04
1.930985E-03
5.846273E-03
1.196516E-02
1.763217E-02
2.094456E-02
1.943555E-02
1.129188E-02
3.171216E-03
6.367714E-04
0.000000E+00
0.000000E+00
2.053382E-12
5.298627E-10
3.521058E-08
9.017469E-07
1.148108E-05
8.630273E-05
4.251620E-04
1.189081E-03
2.115527E-03
2.939054E-03
3.656217E-03
3.858501E-03
2.573098E-03
7.884770E-04
1.615950E-04
0.000000E+00
0.000000E+00
4.471394E-13
1.052108E-10
6.087126E-09
1.279810E-07
1.277433E-06
8.099602E-06
4.277313E-05
1.074163E-04
1.776416E-04
2.618806E-04
3.527993E-04
4.207382E-04
3.339804E-04
1.251019E-04
2.977370E-05
0.000000E+00
0.000000E+00
0.000000E+00
1.409475E-11
2.825193E-10
5.349092E-09
3.760901E-08
3.049414E-07
1.529970E-06
3.611073E-06
6.505359E-06
1.082202E-05
1.692846E-05
1.859554E-05
1.580841E-05
8.890977E-06
2.839624E-06
0.000000E+00
0.000000E+00
0.000000E+00
0.000000E+00
0.000000E+00
1.727010E-11
9.304287E-11
2.227249E-09
1.287039E-08
3.781272E-08
8.676809E-08
1.788483E-07
2.313374E-07
2.418804E-07
2.200107E-07
1.115124E-07
4.243729E-08
0.000000E+00
0.000000E+00
0.000000E+00
0.000000E+00
0.000000E+00
0.000000E+00
0.000000E+00
6.882694E-12
6.306783E-11
2.502114E-10
5.055496E-10
7.120896E-10
9.869358E-10
1.062504E-09
7.513212E-10
3.337625E-10
1.171511E-10
