Un
part
1
coordinates
1.027596E-02
5.336814E-02
1.275483E-02
7.039353E-02
1.069006E-01
1.498988E-02
6.145948E-02
2.326113E-01
1.501969E-01
1.617026E-02
3.900222E-02
2.492186E-01
3.805216E-01
1.747174E-01
1.339195E-02
1.911732E-02
1.748100E-01
4.674008E-01
4.951682E-01
1.674327E-01
9.425488E-03
7.980540E-03
8.636127E-02
3.476394E-01
6.643148E-01
5.387585E-01
1.254539E-01
5.160902E-03
2.981771E-03
3.158340E-02
1.646063E-01
5.145967E-01
7.586117E-01
4.576724E-01
7.374098E-02
1.924009E-03
1.042644E-03
9.062817E-03
4.730247E-02
2.125227E-01
5.982146E-01
7.103016E-01
2.897894E-01
3.084697E-02
3.823757E-04
3.243121E-04
2.122091E-03
8.446530E-03
4.200564E-02
2.522984E-01
5.613410E-01
5.037724E-01
1.293720E-01
8.017757E-03
4.035109E-05
8.749976E-05
4.533604E-04
1.142201E-03
5.719093E-03
5.947686E-02
2.484124E-01
4.254852E-01
2.334988E-01
3.839621E-02
1.344434E-03
2.793793E-06
1.794088E-05
9.095975E-05
1.418129E-04
7.874431E-04
1.137885E-02
6.302597E-02
1.901182E-01
2.297236E-01
6.095807E-02
7.346092E-03
1.183246E-04
0.000000E+00
2.408431E-06
1.681489E-05
1.643647E-05
9.563550E-05
1.710856E-03
1.017177E-02
4.436915E-02
1.058670E-01
6.194247E-02
8.788409E-03
7.595001E-04
4.614196E-06
0.000000E+00
1.597709E-07
2.728592E-06
1.858164E-06
9.583034E-06
1.954540E-04
1.298677E-03
3.783314E-03
2.167415E-02
3.512815E-02
4.191547E-03
6.175484E-04
3.581022E-05
7.725154E-08
0.000000E+00
0.000000E+00
4.447793E-07
2.855923E-07
7.074628E-07
1.407407E-05
1.167133E-04
0.000000E+00
9.222555E-04
6.899133E-03
3.782605E-03
9.586231E-05
1.759159E-05
3.251469E-07
0.000000E+00
0.000000E+00
0.000000E+00
0.000000E+00
4.477644E-08
1.217081E-08
3.001583E-07
4.274587E-06
0.000000E+00
1.134030E-07
3.337979E-04
1.296089E-03
1.722405E-05
2.254180E-06
4.371205E-08
0.000000E+00
0.000000E+00
0.000000E+00
0.000000E+00
0.000000E+00
2.381173E-12
3.892940E-11
1.853058E-08
0.000000E+00
2.550997E-09
8.256755E-06
1.359784E-04
1.447767E-05
5.501316E-09
2.946259E-12
0.000000E+00
0.000000E+00
0.000000E+00
0.000000E+00
0.000000E+00
0.000000E+00
0.000000E+00
0.000000E+00
0.000000E+00
8.704322E-08
2.521818E-06
4.436795E-06
4.053339E-12
0.000000E+00
0.000000E+00
0.000000E+00
0.000000E+00
0.000000E+00
0.000000E+00
0.000000E+00
0.000000E+00
0.000000E+00
0.000000E+00
5.994968E-09
5.798948E-08
0.000000E+00
0.000000E+00
0.000000E+00
0.000000E+00
0.000000E+00
0.000000E+00
0.000000E+00
0.000000E+00
0.000000E+00
0.000000E+00
0.000000E+00
0.000000E+00
0.000000E+00
0.000000E+00
0.000000E+00
0.000000E+00
0.000000E+00
0.000000E+00
0.000000E+00
0.000000E+00
0.000000E+00
0.000000E+00
0.000000E+00
0.000000E+00
0.000000E+00
0.000000E+00
0.000000E+00
0.000000E+00
0.000000E+00
0.000000E+00
0.000000E+00
0.000000E+00
0.000000E+00
0.000000E+00
0.000000E+00
0.000000E+00
0.000000E+00
0.000000E+00
0.000000E+00
0.000000E+00
0.000000E+00
0.000000E+00
0.000000E+00
0.000000E+00
0.000000E+00
0.000000E+00
0.000000E+00
0.000000E+00
0.000000E+00
0.000000E+00
0.000000E+00
0.000000E+00
0.000000E+00
0.000000E+00
0.000000E+00
0.000000E+00
0.000000E+00
0.000000E+00
0.000000E+00
0.000000E+00
0.000000E+00
0.000000E+00
0.000000E+00
0.000000E+00
0.000000E+00
0.000000E+00
0.000000E+00
0.000000E+00
0.000000E+00
0.000000E+00
0.000000E+00
0.000000E+00
0.000000E+00
0.000000E+00
0.000000E+00
0.000000E+00
0.000000E+00
0.000000E+00
0.000000E+00
0.000000E+00
0.000000E+00
0.000000E+00
0.000000E+00
1.027596E-02
1.151539E-02
1.387236E-02
1.558007E-02
1.478110E-02
1.140872E-02
7.293195E-03
3.542455E-03
1.153192E-03
2.113634E-04
2.157244E-05
1.396896E-06
0.000000E+00
0.000000E+00
0.000000E+00
0.000000E+00
0.000000E+00
3.182205E-02
4.582488E-02
7.121055E-02
8.901861E-02
9.292805E-02
7.892600E-02
5.344532E-02
2.791822E-02
1.029278E-02
2.446230E-03
3.764759E-04
3.143315E-05
1.172862E-06
1.931289E-08
0.000000E+00
0.000000E+00
0.000000E+00
6.188084E-02
1.158184E-01
2.175576E-01
3.001510E-01
3.440192E-01
3.223294E-01
2.366642E-01
1.309373E-01
5.165823E-02
1.377612E-02
2.392088E-03
2.295623E-04
1.020670E-05
1.005996E-07
0.000000E+00
0.000000E+00
0.000000E+00
6.592651E-02
1.534207E-01
3.324381E-01
5.018513E-01
6.142133E-01
6.163361E-01
4.903839E-01
2.891081E-01
1.155563E-01
2.887219E-02
4.377887E-03
3.576126E-04
1.344267E-05
9.221474E-08
0.000000E+00
0.000000E+00
0.000000E+00
5.023085E-02
1.311226E-01
3.097672E-01
4.984879E-01
6.339345E-01
6.571172E-01
5.502251E-01
3.481200E-01
1.465307E-01
3.397012E-02
3.423342E-03
1.833141E-04
4.972370E-06
1.092875E-08
0.000000E+00
0.000000E+00
0.000000E+00
2.905977E-02
7.982271E-02
1.933542E-01
3.098413E-01
3.944081E-01
4.150666E-01
3.563392E-01
2.377985E-01
1.081653E-01
2.626119E-02
2.021810E-03
2.883651E-05
5.649211E-07
7.365647E-13
0.000000E+00
0.000000E+00
0.000000E+00
1.354893E-02
3.626063E-02
8.246336E-02
1.166093E-01
1.415759E-01
1.558034E-01
1.364814E-01
9.050712E-02
4.239210E-02
1.177649E-02
1.277599E-03
7.926808E-06
1.376342E-09
0.000000E+00
0.000000E+00
0.000000E+00
0.000000E+00
5.481155E-03
1.290213E-02
2.409880E-02
2.586843E-02
2.964511E-02
3.601336E-02
3.033755E-02
1.768722E-02
7.457334E-03
2.166250E-03
3.627455E-04
4.728618E-06
1.013335E-12
0.000000E+00
0.000000E+00
0.000000E+00
0.000000E+00
2.012208E-03
3.802331E-03
5.193410E-03
4.023817E-03
4.899060E-03
6.140037E-03
3.813440E-03
1.176421E-03
3.161059E-04
1.201387E-04
3.574875E-05
1.123696E-06
0.000000E+00
0.000000E+00
0.000000E+00
0.000000E+00
0.000000E+00
6.834783E-04
9.856019E-04
9.648663E-04
5.417732E-04
6.973472E-04
8.304251E-04
3.538476E-04
2.898849E-08
2.114938E-06
2.717903E-06
6.464506E-07
1.449737E-08
0.000000E+00
0.000000E+00
0.000000E+00
0.000000E+00
0.000000E+00
2.059059E-04
2.390330E-04
1.756424E-04
6.586697E-05
7.868664E-05
8.262899E-05
3.024698E-05
6.377492E-10
2.239855E-08
2.325955E-08
1.498742E-09
0.000000E+00
0.000000E+00
0.000000E+00
0.000000E+00
0.000000E+00
0.000000E+00
5.272032E-05
5.330382E-05
3.151732E-05
7.146282E-06
6.166180E-06
4.666836E-06
1.073279E-06
0.000000E+00
0.000000E+00
0.000000E+00
0.000000E+00
0.000000E+00
0.000000E+00
0.000000E+00
0.000000E+00
0.000000E+00
0.000000E+00
1.017466E-05
9.973200E-06
5.421810E-06
7.158474E-07
2.549577E-07
7.968196E-08
4.632646E-09
0.000000E+00
0.000000E+00
0.000000E+00
0.000000E+00
0.000000E+00
0.000000E+00
0.000000E+00
0.000000E+00
0.000000E+00
0.000000E+00
1.284101E-06
1.435393E-06
8.759350E-07
8.563547E-08
3.053030E-09
9.732350E-12
0.000000E+00
0.000000E+00
0.000000E+00
0.000000E+00
0.000000E+00
0.000000E+00
0.000000E+00
0.000000E+00
0.000000E+00
0.000000E+00
0.000000E+00
7.988544E-08
1.511376E-07
1.223889E-07
1.119471E-08
5.952932E-13
0.000000E+00
0.000000E+00
0.000000E+00
0.000000E+00
0.000000E+00
0.000000E+00
0.000000E+00
0.000000E+00
0.000000E+00
0.000000E+00
0.000000E+00
0.000000E+00
0.000000E+00
0.000000E+00
0.000000E+00
0.000000E+00
0.000000E+00
0.000000E+00
0.000000E+00
0.000000E+00
0.000000E+00
0.000000E+00
0.000000E+00
0.000000E+00
0.000000E+00
0.000000E+00
0.000000E+00
0.000000E+00
0.000000E+00
0.000000E+00
0.000000E+00
0.000000E+00
0.000000E+00
0.000000E+00
0.000000E+00
0.000000E+00
0.000000E+00
0.000000E+00
0.000000E+00
0.000000E+00
0.000000E+00
0.000000E+00
0.000000E+00
0.000000E+00
0.000000E+00
0.000000E+00
