Un
part
1
coordinates
1.534776E-02
5.848454E-04
1.760445E-02
2.331138E-06
1.165803E-03
2.038845E-02
2.542130E-07
1.765179E-05
2.062107E-03
2.548293E-02
3.861155E-08
9.157081E-07
6.898937E-05
3.782562E-03
3.231321E-02
7.115969E-09
1.381101E-07
2.243308E-06
2.035104E-04
7.542431E-03
4.132727E-02
1.538182E-09
2.253831E-08
2.287703E-07
1.185063E-05
6.503237E-04
1.473224E-02
5.333181E-02
3.716709E-10
3.931630E-09
3.526626E-08
1.279354E-06
6.951028E-05
2.236278E-03
2.837856E-02
6.880276E-02
9.413470E-11
7.170488E-10
6.963092E-09
3.539572E-07
2.761728E-05
3.633843E-04
7.375596E-03
5.341428E-02
8.738864E-02
2.343182E-11
1.310689E-10
1.750304E-09
1.199768E-07
1.103795E-05
2.810906E-04
1.838181E-03
2.264007E-02
9.631208E-02
1.073507E-01
5.239899E-12
2.222954E-11
4.116568E-10
4.036122E-08
3.234895E-06
1.996135E-04
1.666065E-03
8.307074E-03
6.237569E-02
1.561977E-01
1.259759E-01
0.000000E+00
3.969904E-12
3.803362E-11
1.350713E-08
8.793747E-07
8.195396E-05
1.481852E-03
7.509868E-03
3.278709E-02
1.434955E-01
2.241683E-01
1.384649E-01
0.000000E+00
0.000000E+00
1.226451E-12
2.819993E-09
4.979514E-07
1.847241E-05
6.972680E-04
7.673405E-03
2.849145E-02
1.095186E-01
2.625573E-01
2.754431E-01
1.371897E-01
0.000000E+00
0.000000E+00
0.000000E+00
4.463933E-10
2.652744E-07
7.982929E-06
1.452933E-04
3.954891E-03
2.997486E-02
9.620556E-02
2.645334E-01
3.730468E-01
2.775754E-01
1.135897E-01
0.000000E+00
0.000000E+00
0.000000E+00
6.538499E-11
7.311372E-08
8.001511E-06
8.878017E-05
5.986442E-04
2.017066E-02
9.455213E-02
2.584956E-01
4.416283E-01
3.960535E-01
2.002120E-01
5.290661E-02
0.000000E+00
0.000000E+00
0.000000E+00
1.089979E-11
8.104015E-09
2.776084E-06
1.141426E-04
8.663131E-04
1.000754E-02
7.814456E-02
2.398179E-01
4.607836E-01
4.786493E-01
2.658359E-01
7.388205E-02
7.788168E-03
0.000000E+00
0.000000E+00
1.152253E-12
1.259293E-09
3.278044E-07
4.206117E-05
9.203768E-04
6.334676E-03
5.530768E-02
2.011341E-01
4.250091E-01
5.069129E-01
3.105179E-01
9.060313E-02
8.822602E-03
0.000000E+00
0.000000E+00
2.318194E-11
3.389200E-08
5.668779E-06
3.370073E-04
4.686178E-03
3.323594E-02
1.445476E-01
3.443590E-01
4.658214E-01
3.196135E-01
9.893040E-02
9.797871E-03
0.000000E+00
0.000000E+00
7.270551E-10
4.125364E-07
5.265149E-05
1.675266E-03
1.616842E-02
8.402145E-02
2.344161E-01
3.574673E-01
2.798383E-01
9.747520E-02
1.057287E-02
0.000000E+00
0.000000E+00
4.274100E-09
3.092196E-06
2.845158E-04
4.678980E-03
3.342551E-02
1.232690E-01
2.213694E-01
2.039932E-01
8.088331E-02
9.534729E-03
0.000000E+00
1.780856E-12
6.704531E-08
1.907644E-05
6.251092E-04
7.324904E-03
4.056644E-02
1.047612E-01
1.212200E-01
5.728915E-02
7.780644E-03
0.000000E+00
1.355634E-10
2.519411E-07
2.833629E-05
7.155480E-04
7.421124E-03
3.493713E-02
5.578910E-02
3.278711E-02
5.432398E-03
0.000000E+00
3.899083E-10
2.408173E-07
2.780467E-05
7.372489E-04
7.483273E-03
2.001627E-02
1.395498E-02
3.050967E-03
0.000000E+00
6.328755E-10
3.668718E-07
3.609791E-05
8.663603E-04
5.027901E-03
4.865872E-03
1.196342E-03
0.000000E+00
1.504268E-09
5.802263E-07
4.551050E-05
8.078675E-04
1.256931E-03
3.654183E-04
0.000000E+00
3.690890E-09
1.168807E-06
6.149679E-05
2.265058E-04
9.724940E-05
0.000000E+00
3.390292E-09
9.141938E-07
2.411620E-05
1.622421E-05
0.000000E+00
4.523345E-09
9.226011E-07
2.149451E-06
0.000000E+00
3.080259E-09
1.035026E-07
0.000000E+00
3.242465E-10
0.000000E+00
1.534776E-02
1.647611E-02
1.899645E-02
2.293569E-02
2.889807E-02
3.682024E-02
4.732954E-02
6.106729E-02
7.809570E-02
9.736966E-02
1.166633E-01
1.322204E-01
1.378273E-01
1.253897E-01
8.324816E-02
3.034739E-02
7.788168E-03
7.966304E-03
8.675715E-03
1.030520E-02
1.292901E-02
1.728028E-02
2.397879E-02
3.444247E-02
5.098185E-02
7.647944E-02
1.118123E-01
1.534232E-01
1.910131E-01
2.071683E-01
1.821417E-01
1.101476E-01
3.584986E-02
8.305385E-03
2.935883E-04
4.426579E-04
8.286379E-04
1.529292E-03
3.044707E-03
6.290319E-03
1.318067E-02
2.795213E-02
5.868553E-02
1.145952E-01
1.966047E-01
2.838039E-01
3.305297E-01
2.849192E-01
1.576333E-01
4.577641E-02
9.310237E-03
1.292676E-06
5.288212E-06
2.245004E-05
7.164843E-05
2.337987E-04
8.298740E-04
2.953360E-03
1.004023E-02
3.152748E-02
8.704422E-02
1.950262E-01
3.354415E-01
4.223445E-01
3.627641E-01
1.914718E-01
5.247606E-02
1.018537E-02
1.464123E-07
3.366607E-07
8.814742E-07
3.900516E-06
2.756438E-05
1.854006E-04
1.037180E-03
4.830297E-03
1.927387E-02
6.675068E-02
1.821883E-01
3.563602E-01
4.719935E-01
4.039234E-01
2.066342E-01
5.412830E-02
1.005380E-02
2.286376E-08
5.159399E-08
1.061712E-07
4.743369E-07
1.007213E-05
1.298398E-04
9.071554E-04
4.582798E-03
1.841240E-02
6.230600E-02
1.722678E-01
3.460266E-01
4.646318E-01
3.930465E-01
1.944526E-01
4.891847E-02
8.657687E-03
4.327076E-09
8.781022E-09
1.717482E-08
1.290408E-07
3.686694E-06
7.396008E-05
6.151720E-04
3.451854E-03
1.544346E-02
5.571056E-02
1.534122E-01
3.025800E-01
3.981642E-01
3.267801E-01
1.555010E-01
3.784637E-02
6.606521E-03
9.549265E-10
1.639633E-09
3.340518E-09
4.226286E-08
1.068652E-06
2.613516E-05
2.357469E-04
1.349024E-03
8.682935E-03
4.090761E-02
1.197835E-01
2.311142E-01
2.894030E-01
2.260125E-01
1.038224E-01
2.463991E-02
4.241682E-03
2.329028E-10
3.284808E-10
7.525195E-10
1.400758E-08
3.577986E-07
6.958167E-06
6.513221E-05
4.247577E-04
4.451794E-03
2.622146E-02
7.927816E-02
1.465635E-01
1.709539E-01
1.257849E-01
5.593779E-02
1.274735E-02
2.123654E-03
5.878326E-11
6.771625E-11
1.507472E-10
4.194203E-09
1.948882E-07
4.186916E-06
5.472681E-05
4.974032E-04
3.201886E-03
1.510630E-02
4.171283E-02
7.032060E-02
7.588345E-02
5.387593E-02
2.365655E-02
5.095653E-03
7.808801E-04
1.433586E-11
1.371779E-11
1.636488E-11
8.264116E-10
8.541362E-08
2.778996E-06
4.174535E-05
3.533970E-04
1.904707E-03
6.802212E-03
1.539946E-02
2.218450E-02
2.260199E-02
1.686614E-02
7.791743E-03
1.646368E-03
2.313338E-04
2.619949E-12
2.302451E-12
1.299089E-12
1.282512E-10
2.043238E-08
7.962765E-07
1.270846E-05
1.093472E-04
5.873602E-04
1.815968E-03
3.336135E-03
4.049706E-03
4.127002E-03
3.546351E-03
1.829802E-03
3.992277E-04
5.673680E-05
0.000000E+00
0.000000E+00
0.000000E+00
1.907119E-11
2.359898E-09
9.276494E-08
1.610753E-06
1.545625E-05
8.983398E-05
2.392594E-04
3.491995E-04
3.791749E-04
4.213044E-04
4.453088E-04
2.799966E-04
6.724891E-05
9.186830E-06
0.000000E+00
0.000000E+00
0.000000E+00
3.013011E-12
3.236316E-10
8.975382E-09
1.128574E-07
8.940129E-07
5.621905E-06
1.197637E-05
1.418716E-05
1.621242E-05
2.083936E-05
2.727257E-05
2.186245E-05
6.822939E-06
1.126477E-06
0.000000E+00
0.000000E+00
0.000000E+00
2.880633E-13
6.083548E-12
1.875593E-10
1.250734E-09
1.786419E-08
7.987797E-08
1.234453E-07
1.524565E-07
2.380733E-07
4.390287E-07
5.227287E-07
4.610996E-07
2.573770E-07
5.191343E-08
0.000000E+00
0.000000E+00
0.000000E+00
0.000000E+00
0.000000E+00
0.000000E+00
4.452140E-13
3.433606E-11
1.313679E-10
2.556959E-10
5.342858E-10
1.298789E-09
1.770295E-09
1.978409E-09
1.900901E-09
8.511264E-10
1.621233E-10
0.000000E+00
0.000000E+00
0.000000E+00
0.000000E+00
0.000000E+00
0.000000E+00
0.000000E+00
0.000000E+00
0.000000E+00
0.000000E+00
0.000000E+00
0.000000E+00
0.000000E+00
0.000000E+00
0.000000E+00
0.000000E+00
0.000000E+00
