Un
part
1
coordinates
0.000000E+00
0.000000E+00
0.000000E+00
0.000000E+00
0.000000E+00
0.000000E+00
7.420204E-04
0.000000E+00
0.000000E+00
0.000000E+00
1.289519E-02
7.961547E-03
0.000000E+00
0.000000E+00
0.000000E+00
4.641969E-02
9.266510E-02
8.444608E-03
0.000000E+00
0.000000E+00
0.000000E+00
7.078909E-02
3.042722E-01
1.258509E-01
2.430083E-03
0.000000E+00
0.000000E+00
0.000000E+00
6.555049E-02
4.945581E-01
4.749204E-01
6.797483E-02
5.293026E-04
0.000000E+00
0.000000E+00
0.000000E+00
7.134149E-02
5.406408E-01
8.435668E-01
3.648139E-01
1.632753E-02
0.000000E+00
0.000000E+00
0.000000E+00
0.000000E+00
6.550200E-02
5.042912E-01
9.678784E-01
8.774296E-01
1.140482E-01
1.286467E-03
0.000000E+00
0.000000E+00
0.000000E+00
0.000000E+00
4.604611E-02
3.966485E-01
8.614200E-01
8.441560E-01
3.930901E-01
1.082780E-02
1.445083E-12
0.000000E+00
0.000000E+00
0.000000E+00
0.000000E+00
2.291182E-02
2.306675E-01
5.848667E-01
6.890033E-01
4.051060E-01
5.687801E-02
5.965273E-05
0.000000E+00
0.000000E+00
0.000000E+00
0.000000E+00
0.000000E+00
6.861020E-03
8.682009E-02
2.287262E-01
3.318331E-01
2.754722E-01
3.467493E-02
7.063760E-04
0.000000E+00
0.000000E+00
0.000000E+00
0.000000E+00
0.000000E+00
0.000000E+00
6.763456E-04
1.957723E-02
4.963594E-02
7.773109E-02
1.041759E-01
2.666994E-02
5.626796E-04
0.000000E+00
0.000000E+00
0.000000E+00
0.000000E+00
0.000000E+00
0.000000E+00
0.000000E+00
0.000000E+00
3.820742E-03
8.680856E-03
1.301480E-02
2.333283E-02
1.396062E-02
0.000000E+00
0.000000E+00
0.000000E+00
0.000000E+00
0.000000E+00
0.000000E+00
0.000000E+00
0.000000E+00
0.000000E+00
0.000000E+00
0.000000E+00
1.253623E-03
1.229476E-03
2.591684E-03
2.983539E-03
0.000000E+00
0.000000E+00
0.000000E+00
0.000000E+00
0.000000E+00
0.000000E+00
0.000000E+00
0.000000E+00
0.000000E+00
0.000000E+00
0.000000E+00
0.000000E+00
6.684412E-06
2.509539E-05
1.654529E-04
0.000000E+00
0.000000E+00
0.000000E+00
0.000000E+00
0.000000E+00
0.000000E+00
0.000000E+00
0.000000E+00
0.000000E+00
0.000000E+00
0.000000E+00
0.000000E+00
0.000000E+00
4.267532E-10
0.000000E+00
0.000000E+00
0.000000E+00
0.000000E+00
0.000000E+00
0.000000E+00
0.000000E+00
0.000000E+00
0.000000E+00
0.000000E+00
0.000000E+00
0.000000E+00
0.000000E+00
0.000000E+00
0.000000E+00
0.000000E+00
0.000000E+00
0.000000E+00
0.000000E+00
0.000000E+00
0.000000E+00
0.000000E+00
0.000000E+00
0.000000E+00
0.000000E+00
0.000000E+00
0.000000E+00
0.000000E+00
0.000000E+00
0.000000E+00
0.000000E+00
0.000000E+00
0.000000E+00
0.000000E+00
0.000000E+00
0.000000E+00
0.000000E+00
0.000000E+00
0.000000E+00
0.000000E+00
0.000000E+00
0.000000E+00
0.000000E+00
0.000000E+00
0.000000E+00
0.000000E+00
0.000000E+00
0.000000E+00
0.000000E+00
0.000000E+00
0.000000E+00
0.000000E+00
0.000000E+00
0.000000E+00
0.000000E+00
0.000000E+00
0.000000E+00
0.000000E+00
0.000000E+00
0.000000E+00
0.000000E+00
0.000000E+00
0.000000E+00
0.000000E+00
0.000000E+00
0.000000E+00
0.000000E+00
0.000000E+00
0.000000E+00
0.000000E+00
0.000000E+00
0.000000E+00
0.000000E+00
0.000000E+00
0.000000E+00
0.000000E+00
0.000000E+00
0.000000E+00
0.000000E+00
0.000000E+00
0.000000E+00
0.000000E+00
0.000000E+00
0.000000E+00
0.000000E+00
0.000000E+00
0.000000E+00
0.000000E+00
0.000000E+00
0.000000E+00
0.000000E+00
0.000000E+00
0.000000E+00
0.000000E+00
0.000000E+00
0.000000E+00
0.000000E+00
0.000000E+00
0.000000E+00
0.000000E+00
0.000000E+00
0.000000E+00
0.000000E+00
0.000000E+00
0.000000E+00
0.000000E+00
0.000000E+00
0.000000E+00
0.000000E+00
0.000000E+00
0.000000E+00
0.000000E+00
0.000000E+00
0.000000E+00
0.000000E+00
0.000000E+00
0.000000E+00
0.000000E+00
0.000000E+00
0.000000E+00
0.000000E+00
0.000000E+00
0.000000E+00
0.000000E+00
0.000000E+00
0.000000E+00
0.000000E+00
0.000000E+00
0.000000E+00
0.000000E+00
0.000000E+00
0.000000E+00
0.000000E+00
0.000000E+00
0.000000E+00
0.000000E+00
0.000000E+00
0.000000E+00
0.000000E+00
0.000000E+00
0.000000E+00
0.000000E+00
0.000000E+00
0.000000E+00
0.000000E+00
0.000000E+00
0.000000E+00
0.000000E+00
0.000000E+00
0.000000E+00
0.000000E+00
0.000000E+00
3.710102E-04
2.175892E-03
4.101539E-03
2.718673E-03
7.398465E-04
1.323256E-04
0.000000E+00
0.000000E+00
0.000000E+00
0.000000E+00
0.000000E+00
0.000000E+00
0.000000E+00
0.000000E+00
0.000000E+00
0.000000E+00
0.000000E+00
6.818604E-03
2.856596E-02
5.873055E-02
5.117512E-02
2.181544E-02
4.535825E-03
3.216168E-04
3.612707E-13
0.000000E+00
0.000000E+00
0.000000E+00
0.000000E+00
0.000000E+00
0.000000E+00
0.000000E+00
0.000000E+00
0.000000E+00
2.965744E-02
1.140630E-01
2.494272E-01
2.583900E-01
1.407911E-01
3.562250E-02
3.043479E-03
1.491318E-05
0.000000E+00
0.000000E+00
0.000000E+00
0.000000E+00
0.000000E+00
0.000000E+00
0.000000E+00
0.000000E+00
0.000000E+00
5.860439E-02
2.290098E-01
5.293294E-01
6.401827E-01
4.373455E-01
1.437110E-01
1.711796E-02
1.915072E-04
0.000000E+00
0.000000E+00
0.000000E+00
0.000000E+00
0.000000E+00
0.000000E+00
0.000000E+00
0.000000E+00
0.000000E+00
6.816979E-02
2.928846E-01
7.116610E-01
8.832577E-01
6.299454E-01
2.224373E-01
2.320550E-02
3.172639E-04
0.000000E+00
0.000000E+00
0.000000E+00
0.000000E+00
0.000000E+00
0.000000E+00
0.000000E+00
0.000000E+00
0.000000E+00
6.844599E-02
2.954560E-01
7.185576E-01
8.406144E-01
5.534344E-01
1.854808E-01
1.547689E-02
1.406699E-04
0.000000E+00
0.000000E+00
0.000000E+00
0.000000E+00
0.000000E+00
0.000000E+00
0.000000E+00
0.000000E+00
0.000000E+00
6.842175E-02
2.594458E-01
5.868066E-01
6.167808E-01
3.501211E-01
1.050697E-01
1.015764E-02
0.000000E+00
0.000000E+00
0.000000E+00
0.000000E+00
0.000000E+00
0.000000E+00
0.000000E+00
0.000000E+00
0.000000E+00
0.000000E+00
5.577406E-02
1.847160E-01
3.602272E-01
3.057893E-01
1.342682E-01
3.611323E-02
4.236041E-03
0.000000E+00
0.000000E+00
0.000000E+00
0.000000E+00
0.000000E+00
0.000000E+00
0.000000E+00
0.000000E+00
0.000000E+00
0.000000E+00
3.447897E-02
9.661138E-02
1.489624E-01
9.227700E-02
2.916760E-02
7.268378E-03
7.872481E-04
0.000000E+00
0.000000E+00
0.000000E+00
0.000000E+00
0.000000E+00
0.000000E+00
0.000000E+00
0.000000E+00
0.000000E+00
0.000000E+00
1.488642E-02
3.404254E-02
4.117853E-02
1.814027E-02
4.215265E-03
6.955582E-04
4.136334E-05
0.000000E+00
0.000000E+00
0.000000E+00
0.000000E+00
0.000000E+00
0.000000E+00
0.000000E+00
0.000000E+00
0.000000E+00
0.000000E+00
3.768683E-03
7.733836E-03
8.333114E-03
2.792660E-03
3.153140E-04
6.273954E-06
1.066883E-10
0.000000E+00
0.000000E+00
0.000000E+00
0.000000E+00
0.000000E+00
0.000000E+00
0.000000E+00
0.000000E+00
0.000000E+00
0.000000E+00
3.381728E-04
1.124272E-03
1.268591E-03
3.150769E-04
1.671103E-06
0.000000E+00
0.000000E+00
0.000000E+00
0.000000E+00
0.000000E+00
0.000000E+00
0.000000E+00
0.000000E+00
0.000000E+00
0.000000E+00
0.000000E+00
0.000000E+00
0.000000E+00
0.000000E+00
0.000000E+00
0.000000E+00
0.000000E+00
0.000000E+00
0.000000E+00
0.000000E+00
0.000000E+00
0.000000E+00
0.000000E+00
0.000000E+00
0.000000E+00
0.000000E+00
0.000000E+00
0.000000E+00
0.000000E+00
0.000000E+00
0.000000E+00
0.000000E+00
0.000000E+00
0.000000E+00
0.000000E+00
0.000000E+00
0.000000E+00
0.000000E+00
0.000000E+00
0.000000E+00
0.000000E+00
0.000000E+00
0.000000E+00
0.000000E+00
0.000000E+00
0.000000E+00
