Un
part
1
coordinates
1.012741E-03
2.651925E-02
1.297009E-03
6.512028E-02
4.654187E-02
1.531444E-03
7.084684E-02
2.092257E-01
5.827359E-02
1.504655E-03
6.937463E-02
3.291320E-01
2.981725E-01
5.535670E-02
8.882224E-04
5.254189E-02
3.368431E-01
5.661929E-01
3.315916E-01
4.145819E-02
4.890433E-04
3.157318E-02
2.544243E-01
6.201772E-01
6.990323E-01
2.800954E-01
2.277842E-02
2.092995E-04
1.548104E-02
1.399843E-01
4.711961E-01
7.923248E-01
6.755217E-01
1.662175E-01
9.012950E-03
4.712054E-05
6.669392E-03
5.682956E-02
2.343066E-01
5.719176E-01
7.605251E-01
4.732239E-01
6.759225E-02
2.128908E-03
3.640370E-06
2.397258E-03
1.719707E-02
6.927564E-02
2.302764E-01
5.119246E-01
5.556212E-01
2.008664E-01
1.696710E-02
2.280428E-04
0.000000E+00
7.265897E-04
4.202760E-03
1.245361E-02
4.379025E-02
1.845118E-01
3.405345E-01
2.763247E-01
4.222104E-02
2.399285E-03
1.204659E-05
0.000000E+00
1.636106E-04
9.006275E-04
1.744146E-03
6.240475E-03
4.230339E-02
1.122527E-01
1.685528E-01
7.028861E-02
4.456668E-03
1.955292E-04
3.463777E-07
0.000000E+00
2.346124E-05
1.728395E-04
2.181029E-04
7.934218E-04
7.522558E-03
2.042213E-02
4.815919E-02
5.165637E-02
4.780521E-03
2.420835E-04
4.812384E-06
0.000000E+00
0.000000E+00
1.605832E-06
2.866064E-05
2.575897E-05
8.759132E-05
1.001207E-03
3.253018E-03
4.519828E-03
1.348422E-02
6.170344E-03
1.783083E-05
4.555437E-06
0.000000E+00
0.000000E+00
0.000000E+00
0.000000E+00
4.753732E-06
3.887669E-06
7.963823E-06
8.943594E-05
4.145151E-04
0.000000E+00
6.323742E-04
1.877106E-03
3.585058E-05
1.018550E-08
5.220544E-12
0.000000E+00
0.000000E+00
0.000000E+00
0.000000E+00
0.000000E+00
5.830567E-07
2.245932E-07
2.911233E-06
2.235005E-05
0.000000E+00
0.000000E+00
6.052195E-05
3.423258E-05
0.000000E+00
0.000000E+00
0.000000E+00
0.000000E+00
0.000000E+00
0.000000E+00
0.000000E+00
0.000000E+00
9.746731E-11
1.103149E-09
1.801298E-07
0.000000E+00
0.000000E+00
9.026287E-07
6.292637E-06
0.000000E+00
0.000000E+00
0.000000E+00
0.000000E+00
0.000000E+00
0.000000E+00
0.000000E+00
0.000000E+00
0.000000E+00
0.000000E+00
0.000000E+00
0.000000E+00
0.000000E+00
2.084009E-08
0.000000E+00
0.000000E+00
0.000000E+00
0.000000E+00
0.000000E+00
0.000000E+00
0.000000E+00
0.000000E+00
0.000000E+00
0.000000E+00
0.000000E+00
0.000000E+00
0.000000E+00
0.000000E+00
0.000000E+00
0.000000E+00
0.000000E+00
0.000000E+00
0.000000E+00
0.000000E+00
0.000000E+00
0.000000E+00
0.000000E+00
0.000000E+00
0.000000E+00
0.000000E+00
0.000000E+00
0.000000E+00
0.000000E+00
0.000000E+00
0.000000E+00
0.000000E+00
0.000000E+00
0.000000E+00
0.000000E+00
0.000000E+00
0.000000E+00
0.000000E+00
0.000000E+00
0.000000E+00
0.000000E+00
0.000000E+00
0.000000E+00
0.000000E+00
0.000000E+00
0.000000E+00
0.000000E+00
0.000000E+00
0.000000E+00
0.000000E+00
0.000000E+00
0.000000E+00
0.000000E+00
0.000000E+00
0.000000E+00
0.000000E+00
0.000000E+00
0.000000E+00
0.000000E+00
0.000000E+00
0.000000E+00
0.000000E+00
0.000000E+00
0.000000E+00
0.000000E+00
0.000000E+00
0.000000E+00
0.000000E+00
0.000000E+00
0.000000E+00
0.000000E+00
0.000000E+00
0.000000E+00
0.000000E+00
0.000000E+00
0.000000E+00
0.000000E+00
0.000000E+00
0.000000E+00
0.000000E+00
0.000000E+00
0.000000E+00
0.000000E+00
0.000000E+00
0.000000E+00
0.000000E+00
0.000000E+00
0.000000E+00
0.000000E+00
0.000000E+00
0.000000E+00
0.000000E+00
0.000000E+00
0.000000E+00
0.000000E+00
0.000000E+00
0.000000E+00
1.012741E-03
1.154875E-03
1.414226E-03
1.518050E-03
1.196439E-03
6.886329E-04
3.491714E-04
1.282100E-04
2.538045E-05
1.820185E-06
0.000000E+00
0.000000E+00
0.000000E+00
0.000000E+00
0.000000E+00
0.000000E+00
0.000000E+00
1.376600E-02
1.884272E-02
2.691098E-02
2.916660E-02
2.480194E-02
1.640347E-02
8.122429E-03
2.849570E-03
6.019279E-04
6.093243E-05
3.098242E-06
8.659442E-08
0.000000E+00
0.000000E+00
0.000000E+00
0.000000E+00
0.000000E+00
4.581977E-02
8.685177E-02
1.530534E-01
1.858486E-01
1.771255E-01
1.276374E-01
6.640029E-02
2.392530E-02
5.430833E-03
7.087258E-04
5.318363E-05
1.289690E-06
0.000000E+00
0.000000E+00
0.000000E+00
0.000000E+00
0.000000E+00
6.798356E-02
1.685812E-01
3.506808E-01
4.737473E-01
4.965602E-01
3.987646E-01
2.269750E-01
8.191169E-02
1.651102E-02
1.823391E-03
1.117451E-04
2.341957E-06
1.305136E-12
0.000000E+00
0.000000E+00
0.000000E+00
0.000000E+00
7.011074E-02
2.015491E-01
4.630863E-01
6.694318E-01
7.318510E-01
6.162230E-01
3.765090E-01
1.474252E-01
3.043671E-02
2.374276E-03
6.612000E-05
1.141407E-06
1.305136E-12
0.000000E+00
0.000000E+00
0.000000E+00
0.000000E+00
6.095826E-02
1.782960E-01
4.206602E-01
6.139039E-01
6.591730E-01
5.421514E-01
3.352583E-01
1.417056E-01
3.322396E-02
2.751137E-03
1.342290E-05
2.546374E-09
0.000000E+00
0.000000E+00
0.000000E+00
0.000000E+00
0.000000E+00
4.205753E-02
1.196309E-01
2.749778E-01
3.769242E-01
3.746576E-01
2.873059E-01
1.673748E-01
7.046314E-02
1.829701E-02
2.029383E-03
1.752079E-05
0.000000E+00
0.000000E+00
0.000000E+00
0.000000E+00
0.000000E+00
0.000000E+00
2.352711E-02
6.096701E-02
1.250990E-01
1.444122E-01
1.252205E-01
8.987251E-02
4.633847E-02
1.669890E-02
4.013556E-03
4.945382E-04
1.013130E-05
0.000000E+00
0.000000E+00
0.000000E+00
0.000000E+00
0.000000E+00
0.000000E+00
1.107522E-02
2.404426E-02
3.893897E-02
3.293999E-02
2.496417E-02
1.837527E-02
7.048744E-03
1.288050E-03
1.734497E-04
1.693451E-05
1.578369E-06
0.000000E+00
0.000000E+00
0.000000E+00
0.000000E+00
0.000000E+00
0.000000E+00
4.533325E-03
7.616619E-03
8.899397E-03
5.307914E-03
3.889415E-03
3.047824E-03
9.168832E-04
0.000000E+00
2.256572E-07
2.308672E-07
5.210022E-09
0.000000E+00
0.000000E+00
0.000000E+00
0.000000E+00
0.000000E+00
0.000000E+00
1.561924E-03
2.056809E-03
1.766409E-03
7.108156E-04
4.929141E-04
3.818771E-04
1.092163E-04
0.000000E+00
0.000000E+00
0.000000E+00
0.000000E+00
0.000000E+00
0.000000E+00
0.000000E+00
0.000000E+00
0.000000E+00
0.000000E+00
4.451001E-04
4.909168E-04
3.293322E-04
8.485426E-05
4.697558E-05
2.871934E-05
5.632545E-06
0.000000E+00
0.000000E+00
0.000000E+00
0.000000E+00
0.000000E+00
0.000000E+00
0.000000E+00
0.000000E+00
0.000000E+00
0.000000E+00
9.353590E-05
9.714298E-05
5.778669E-05
9.458764E-06
2.775188E-06
7.731166E-07
4.503245E-08
0.000000E+00
0.000000E+00
0.000000E+00
0.000000E+00
0.000000E+00
0.000000E+00
0.000000E+00
0.000000E+00
0.000000E+00
0.000000E+00
1.253354E-05
1.462036E-05
9.471275E-06
1.173854E-06
5.644845E-08
2.757874E-10
0.000000E+00
0.000000E+00
0.000000E+00
0.000000E+00
0.000000E+00
0.000000E+00
0.000000E+00
0.000000E+00
0.000000E+00
0.000000E+00
0.000000E+00
8.029159E-07
1.589891E-06
1.334197E-06
1.457885E-07
2.436683E-11
0.000000E+00
0.000000E+00
0.000000E+00
0.000000E+00
0.000000E+00
0.000000E+00
0.000000E+00
0.000000E+00
0.000000E+00
0.000000E+00
0.000000E+00
0.000000E+00
0.000000E+00
0.000000E+00
0.000000E+00
0.000000E+00
0.000000E+00
0.000000E+00
0.000000E+00
0.000000E+00
0.000000E+00
0.000000E+00
0.000000E+00
0.000000E+00
0.000000E+00
0.000000E+00
0.000000E+00
0.000000E+00
0.000000E+00
0.000000E+00
0.000000E+00
0.000000E+00
0.000000E+00
0.000000E+00
0.000000E+00
0.000000E+00
0.000000E+00
0.000000E+00
0.000000E+00
0.000000E+00
0.000000E+00
0.000000E+00
0.000000E+00
0.000000E+00
0.000000E+00
0.000000E+00
