Un
part
1
coordinates
4.275382E-02
1.569704E-02
5.306157E-02
1.302976E-03
3.306008E-02
6.505241E-02
2.121020E-04
6.190174E-03
5.646880E-02
8.522492E-02
3.945241E-05
8.566325E-04
1.659773E-02
9.313659E-02
1.057396E-01
8.246733E-06
1.563509E-04
2.170563E-03
3.574553E-02
1.528337E-01
1.244750E-01
1.936659E-06
2.837091E-05
2.707455E-04
6.837404E-03
7.676950E-02
2.247660E-01
1.382040E-01
4.956602E-07
5.264188E-06
3.456771E-05
6.468274E-04
2.000499E-02
1.566171E-01
3.040580E-01
1.411767E-01
1.314098E-07
9.926135E-07
4.263122E-06
7.063548E-05
4.120303E-03
5.570792E-02
2.785027E-01
3.713498E-01
1.282219E-01
3.389069E-08
1.832706E-07
5.820440E-07
1.376001E-05
9.415414E-04
1.814237E-02
1.413708E-01
4.285713E-01
4.006916E-01
1.059819E-01
7.832052E-09
3.413896E-08
9.363458E-08
3.176420E-06
2.044657E-04
5.990578E-03
5.785396E-02
2.941695E-01
5.581872E-01
3.716203E-01
7.603470E-02
1.407964E-09
6.291752E-09
1.021056E-08
6.075114E-07
3.765794E-05
1.645861E-03
2.190020E-02
1.433355E-01
4.825087E-01
5.821544E-01
2.842656E-01
4.491850E-02
1.709265E-10
1.093430E-09
6.462378E-10
5.689281E-08
6.118766E-06
3.067106E-04
5.766054E-03
5.718172E-02
2.774019E-01
5.905119E-01
4.727255E-01
1.685107E-01
1.953256E-02
1.076707E-11
1.700266E-10
5.553907E-11
3.690253E-09
4.630007E-07
2.341954E-05
6.732094E-04
1.391437E-02
1.158914E-01
4.074723E-01
5.176915E-01
2.775477E-01
6.826001E-02
5.092493E-03
0.000000E+00
2.681078E-11
8.911020E-12
6.420071E-11
1.233052E-08
6.655207E-07
3.337328E-06
9.081825E-04
3.289748E-02
1.967582E-01
3.980593E-01
2.943249E-01
1.003354E-01
1.328628E-02
2.999952E-04
0.000000E+00
0.000000E+00
1.553910E-12
0.000000E+00
3.382335E-11
7.783822E-09
1.230460E-06
8.371535E-05
6.485593E-03
7.267572E-02
2.183601E-01
2.273444E-01
9.425981E-02
1.483846E-02
6.480686E-04
2.235107E-06
0.000000E+00
0.000000E+00
0.000000E+00
0.000000E+00
4.091829E-11
8.627953E-08
2.184444E-05
1.100429E-03
2.140857E-02
8.738949E-02
1.308782E-01
7.113997E-02
1.534402E-02
8.308226E-04
4.528178E-06
0.000000E+00
0.000000E+00
0.000000E+00
0.000000E+00
2.039437E-09
2.021593E-06
2.070213E-04
4.818482E-03
2.562040E-02
5.263822E-02
3.868846E-02
1.076438E-02
7.042182E-04
6.593538E-06
0.000000E+00
0.000000E+00
0.000000E+00
9.721694E-12
6.597025E-08
2.022230E-05
6.384576E-04
5.203749E-03
1.383315E-02
1.430910E-02
5.488506E-03
6.052728E-04
7.449589E-06
0.000000E+00
0.000000E+00
0.000000E+00
7.052304E-10
6.364810E-07
3.762025E-05
5.418674E-04
2.062339E-03
3.221734E-03
2.017884E-03
3.279321E-04
4.844001E-06
0.000000E+00
0.000000E+00
0.000000E+00
3.017262E-09
5.261938E-07
2.052555E-05
1.441250E-04
3.692396E-04
4.873214E-04
1.320934E-04
3.395416E-06
0.000000E+00
0.000000E+00
0.000000E+00
7.660224E-10
1.334317E-07
2.339924E-06
3.070999E-05
6.256555E-05
3.366726E-05
1.940806E-06
0.000000E+00
0.000000E+00
0.000000E+00
7.899046E-11
1.227935E-08
8.269659E-07
4.614845E-06
4.053748E-06
5.695999E-07
0.000000E+00
0.000000E+00
0.000000E+00
0.000000E+00
6.914221E-09
1.962532E-07
2.538842E-07
7.505152E-08
0.000000E+00
0.000000E+00
0.000000E+00
0.000000E+00
3.139287E-09
1.243125E-08
1.207864E-09
0.000000E+00
0.000000E+00
0.000000E+00
1.000841E-12
7.035450E-12
6.428691E-11
0.000000E+00
0.000000E+00
0.000000E+00
0.000000E+00
0.000000E+00
0.000000E+00
0.000000E+00
0.000000E+00
0.000000E+00
0.000000E+00
0.000000E+00
0.000000E+00
0.000000E+00
0.000000E+00
0.000000E+00
4.275382E-02
4.790770E-02
5.905699E-02
7.513866E-02
9.548225E-02
1.151073E-01
1.313395E-01
1.396904E-01
1.346993E-01
1.171019E-01
9.100830E-02
6.047660E-02
3.222553E-02
1.231253E-02
2.696244E-03
1.511152E-04
2.235107E-06
2.922543E-02
3.614313E-02
5.191072E-02
7.497068E-02
1.092337E-01
1.519536E-01
1.978758E-01
2.386971E-01
2.603600E-01
2.516290E-01
2.094756E-01
1.434324E-01
7.530545E-02
2.654283E-02
4.831709E-03
2.387068E-04
3.381643E-06
8.500010E-03
1.406257E-02
2.807920E-02
5.048716E-02
8.962132E-02
1.527466E-01
2.409859E-01
3.456204E-01
4.397000E-01
4.781634E-01
4.276914E-01
3.007624E-01
1.536635E-01
4.918004E-02
7.400907E-03
3.725032E-04
5.560858E-06
7.575391E-04
2.140471E-03
6.453775E-03
1.533781E-02
3.483935E-02
7.727487E-02
1.580496E-01
2.856536E-01
4.408592E-01
5.533405E-01
5.407708E-01
3.905724E-01
1.916169E-01
5.619442E-02
7.929381E-03
3.872710E-04
7.021563E-06
1.257772E-04
3.161345E-04
8.635729E-04
2.481385E-03
7.902380E-03
2.449389E-02
6.826875E-02
1.591824E-01
2.993539E-01
4.394737E-01
4.784337E-01
3.593550E-01
1.717673E-01
4.787705E-02
6.854475E-03
3.304462E-04
6.146795E-06
2.384957E-05
5.810524E-05
1.225087E-04
2.556940E-04
1.444827E-03
7.298697E-03
2.597178E-02
7.006786E-02
1.484526E-01
2.493810E-01
3.051625E-01
2.436605E-01
1.170128E-01
3.152033E-02
4.296523E-03
2.353611E-04
4.119709E-06
5.091696E-06
1.095462E-05
1.811648E-05
3.080658E-05
3.076006E-04
2.195611E-03
8.825674E-03
2.469059E-02
5.497124E-02
1.045557E-01
1.437959E-01
1.223165E-01
5.912849E-02
1.512599E-02
1.991604E-03
1.163404E-04
2.668111E-06
1.216159E-06
2.172280E-06
2.775492E-06
5.445398E-06
6.476501E-05
5.486738E-04
2.097959E-03
5.315454E-03
1.355141E-02
3.336684E-02
5.177355E-02
4.487032E-02
2.100055E-02
5.009009E-03
6.677416E-04
4.206777E-05
1.255203E-06
3.135350E-07
4.507385E-07
4.628906E-07
1.114903E-06
1.189016E-05
9.347671E-05
2.516692E-04
4.171112E-04
2.144480E-03
8.453268E-03
1.426280E-02
1.167991E-02
4.871615E-03
1.035215E-03
1.469020E-04
9.591416E-06
3.223257E-07
8.265026E-08
9.567751E-08
8.031367E-08
1.920623E-07
1.811543E-06
7.666708E-06
7.163213E-06
2.753190E-05
3.532526E-04
1.691098E-03
2.800639E-03
1.988020E-03
6.516034E-04
1.167825E-04
1.787201E-05
1.095973E-06
3.812969E-08
2.086137E-08
2.053837E-08
1.282188E-08
1.785996E-08
1.339786E-07
2.871589E-07
4.975109E-07
6.295694E-06
6.277741E-05
2.258304E-04
3.096177E-04
1.772144E-04
4.450046E-05
9.087015E-06
1.269353E-06
6.689690E-08
6.360756E-10
4.620008E-09
4.156299E-09
2.021740E-09
1.114058E-09
4.029700E-09
5.047272E-09
2.403593E-08
5.439706E-07
5.736586E-06
1.475130E-05
1.470136E-05
5.752797E-06
7.965210E-07
2.583182E-07
5.295770E-08
3.125643E-09
3.214345E-11
7.894453E-10
7.105867E-10
3.319766E-10
3.216270E-11
2.450601E-11
1.868541E-11
5.225192E-10
1.718116E-08
1.765434E-07
2.916145E-07
1.651176E-07
3.644750E-08
4.798392E-09
2.513627E-09
7.868307E-10
1.758862E-12
0.000000E+00
9.084679E-11
9.463274E-11
5.182558E-11
2.616232E-12
0.000000E+00
0.000000E+00
2.430424E-12
1.787380E-10
9.306232E-10
9.458211E-10
2.112532E-10
1.974761E-11
0.000000E+00
2.502102E-13
2.502102E-13
0.000000E+00
0.000000E+00
5.383535E-12
9.394461E-12
7.091171E-12
3.884774E-13
0.000000E+00
0.000000E+00
0.000000E+00
0.000000E+00
0.000000E+00
0.000000E+00
0.000000E+00
0.000000E+00
0.000000E+00
0.000000E+00
0.000000E+00
0.000000E+00
0.000000E+00
0.000000E+00
0.000000E+00
0.000000E+00
0.000000E+00
0.000000E+00
0.000000E+00
0.000000E+00
0.000000E+00
0.000000E+00
0.000000E+00
0.000000E+00
0.000000E+00
0.000000E+00
0.000000E+00
0.000000E+00
0.000000E+00
0.000000E+00
0.000000E+00
0.000000E+00
0.000000E+00
0.000000E+00
0.000000E+00
0.000000E+00
0.000000E+00
0.000000E+00
0.000000E+00
0.000000E+00
0.000000E+00
0.000000E+00
0.000000E+00
0.000000E+00
0.000000E+00
0.000000E+00
0.000000E+00
