Un
part
1
coordinates
3.292760E-02
5.691885E-03
3.978781E-02
1.847326E-04
1.203109E-02
4.803378E-02
2.477877E-05
1.032550E-03
2.122840E-02
6.274807E-02
4.172268E-06
9.546471E-05
3.157963E-03
3.715061E-02
8.013440E-02
8.212771E-07
1.574321E-05
2.382423E-04
7.713608E-03
6.699647E-02
9.941859E-02
1.856092E-07
2.706178E-06
2.523858E-05
9.173185E-04
1.950851E-02
1.116072E-01
1.192570E-01
4.628887E-08
4.865512E-07
3.176936E-06
7.206327E-05
3.454386E-03
4.904044E-02
1.745877E-01
1.356475E-01
1.202749E-08
8.995428E-08
4.252829E-07
1.017627E-05
7.468033E-04
1.236488E-02
1.104411E-01
2.521730E-01
1.423551E-01
3.055069E-09
1.640990E-08
6.956560E-08
2.508994E-06
2.057014E-04
4.537657E-03
4.185368E-02
2.187451E-01
3.291151E-01
1.391598E-01
6.962763E-10
2.994444E-09
1.294940E-08
6.670681E-07
4.863582E-05
1.899700E-03
1.893092E-02
1.200094E-01
3.689779E-01
3.731769E-01
1.230500E-01
1.235555E-10
5.456403E-10
1.310222E-09
1.315113E-07
9.822078E-06
6.051791E-04
9.144056E-03
6.163783E-02
2.744809E-01
4.985256E-01
3.597811E-01
9.518974E-02
1.483840E-11
9.402798E-11
5.581547E-11
1.104818E-08
1.769593E-06
1.186817E-04
2.897071E-03
3.136683E-02
1.609028E-01
4.690178E-01
5.341050E-01
2.826288E-01
5.937107E-02
0.000000E+00
1.453141E-11
4.248904E-12
6.283959E-10
1.178371E-07
8.564684E-06
3.950580E-04
9.526398E-03
8.410925E-02
3.325966E-01
5.791354E-01
4.353619E-01
1.657198E-01
2.551606E-02
0.000000E+00
2.281433E-12
0.000000E+00
6.549221E-12
2.663650E-09
4.244064E-07
1.140301E-05
7.805298E-04
3.097157E-02
1.898332E-01
4.765257E-01
4.934057E-01
2.421255E-01
5.514318E-02
3.711230E-03
0.000000E+00
0.000000E+00
0.000000E+00
0.000000E+00
1.546387E-11
3.054402E-08
6.986615E-06
2.058951E-04
8.327078E-03
8.953703E-02
3.009702E-01
4.285871E-01
2.554155E-01
6.727193E-02
6.328186E-03
1.099857E-04
0.000000E+00
0.000000E+00
0.000000E+00
0.000000E+00
1.036927E-09
1.018546E-06
9.254977E-05
2.172674E-03
3.544259E-02
1.519535E-01
2.880402E-01
2.231296E-01
7.227983E-02
7.925870E-03
1.563750E-04
0.000000E+00
0.000000E+00
0.000000E+00
5.348974E-11
4.694192E-08
1.492786E-05
6.956276E-04
1.117899E-02
6.062800E-02
1.458255E-01
1.498493E-01
5.969047E-02
7.592400E-03
1.983416E-04
0.000000E+00
0.000000E+00
0.000000E+00
8.869747E-10
8.922271E-07
1.116640E-04
2.347820E-03
1.794010E-02
5.332602E-02
7.220624E-02
3.789660E-02
6.644382E-03
2.184459E-04
0.000000E+00
0.000000E+00
0.000000E+00
1.876335E-08
6.989963E-06
2.556879E-04
3.021041E-03
1.260471E-02
2.338771E-02
1.827036E-02
4.261673E-03
1.645761E-04
0.000000E+00
0.000000E+00
5.738894E-11
9.854009E-08
9.825493E-06
2.270882E-04
1.529767E-03
4.800539E-03
6.273072E-03
2.134786E-03
1.186924E-04
0.000000E+00
0.000000E+00
9.694422E-11
5.292859E-08
4.645832E-06
8.330481E-05
6.680867E-04
1.348126E-03
7.451172E-04
6.933713E-05
0.000000E+00
0.000000E+00
2.058279E-11
1.227386E-08
1.113701E-06
4.872100E-05
2.079053E-04
1.518097E-04
2.615417E-05
0.000000E+00
0.000000E+00
0.000000E+00
5.487092E-09
1.201735E-06
1.954108E-05
2.152355E-05
5.352485E-06
0.000000E+00
0.000000E+00
0.000000E+00
5.557073E-09
8.924451E-07
2.129313E-06
4.929972E-07
0.000000E+00
0.000000E+00
0.000000E+00
1.475532E-08
1.001182E-07
5.798539E-08
0.000000E+00
0.000000E+00
0.000000E+00
2.793279E-09
7.977095E-10
0.000000E+00
0.000000E+00
0.000000E+00
2.993467E-11
0.000000E+00
0.000000E+00
0.000000E+00
0.000000E+00
0.000000E+00
0.000000E+00
3.292760E-02
3.635770E-02
4.391080E-02
5.539093E-02
7.144123E-02
8.977649E-02
1.093378E-01
1.274522E-01
1.390013E-01
1.407574E-01
1.311049E-01
1.091199E-01
7.728041E-02
4.244356E-02
1.461365E-02
1.910608E-03
1.099857E-04
1.930974E-02
2.260960E-02
3.027027E-02
4.229021E-02
6.175739E-02
8.953916E-02
1.262176E-01
1.704163E-01
2.148227E-01
2.459517E-01
2.487920E-01
2.151624E-01
1.507273E-01
7.643751E-02
2.267466E-02
2.576444E-03
1.331804E-04
2.938309E-03
4.735064E-03
9.362500E-03
1.731264E-02
3.284230E-02
6.178815E-02
1.114191E-01
1.889867E-01
2.922528E-01
3.924489E-01
4.413972E-01
4.029692E-01
2.814590E-01
1.325651E-01
3.416729E-02
3.652193E-03
1.773583E-04
1.047557E-04
3.343816E-04
1.131055E-03
3.006783E-03
7.898455E-03
2.109205E-02
5.342503E-02
1.227623E-01
2.455533E-01
4.027505E-01
5.201960E-01
5.105020E-01
3.565771E-01
1.592732E-01
3.876751E-02
3.983764E-03
2.083937E-04
1.447552E-05
3.503974E-05
9.367221E-05
3.132157E-04
1.297643E-03
5.275931E-03
1.942178E-02
6.060795E-02
1.542577E-01
3.092495E-01
4.643189E-01
4.944135E-01
3.501345E-01
1.526289E-01
3.655177E-02
3.654951E-03
1.915110E-04
2.496772E-06
5.860733E-06
1.171623E-05
2.766376E-05
2.586861E-04
1.847465E-03
8.628084E-03
3.026991E-02
8.450418E-02
1.918605E-01
3.249814E-01
3.735308E-01
2.724015E-01
1.176415E-01
2.712328E-02
2.797331E-03
1.416343E-04
5.034431E-07
1.049904E-06
1.698737E-06
4.071870E-06
6.675563E-05
6.898041E-04
3.636501E-03
1.323359E-02
3.899351E-02
9.861277E-02
1.830735E-01
2.216973E-01
1.639803E-01
6.955562E-02
1.564085E-02
1.646122E-03
9.401477E-05
1.159490E-07
2.021009E-07
2.678385E-07
9.177277E-07
1.540849E-05
1.955797E-04
1.003997E-03
3.399764E-03
1.240139E-02
4.106957E-02
8.439029E-02
1.029333E-01
7.368637E-02
3.003435E-02
6.855835E-03
7.438486E-04
4.774565E-05
2.915818E-08
4.117014E-08
4.721980E-08
2.202736E-07
3.097562E-06
3.470951E-05
1.334268E-04
3.482215E-04
2.871544E-03
1.428033E-02
3.129742E-02
3.612471E-02
2.352975E-02
8.952361E-03
2.129531E-03
2.321084E-04
1.575333E-05
7.541281E-09
8.621727E-09
8.415993E-09
3.920477E-08
5.074973E-07
2.719130E-06
6.844680E-06
7.920863E-05
7.916867E-04
4.098778E-03
8.621987E-03
8.773905E-03
4.900777E-03
1.756164E-03
4.323411E-04
4.479469E-05
2.922741E-06
1.875673E-09
1.822857E-09
1.226530E-09
3.260654E-09
3.304434E-08
1.438628E-07
2.115028E-06
2.887070E-05
2.286923E-04
8.526999E-04
1.462909E-03
1.215300E-03
5.824700E-04
2.360635E-04
6.277481E-05
6.050962E-06
2.754913E-07
4.099159E-10
3.648750E-10
1.749332E-10
1.737524E-10
8.285148E-10
8.565016E-09
2.742671E-07
4.221393E-06
3.361851E-05
9.604184E-05
1.243118E-04
7.903813E-05
3.358531E-05
1.758907E-05
5.665740E-06
5.720536E-07
2.939155E-08
6.919693E-11
6.173831E-11
2.820207E-11
2.699531E-12
5.503274E-12
2.764702E-10
1.222983E-08
2.397048E-07
1.999873E-06
4.241731E-06
3.634132E-06
1.444324E-06
5.816200E-07
5.286230E-07
2.525280E-07
2.593478E-08
4.138221E-10
7.419201E-12
7.912812E-12
4.203211E-12
0.000000E+00
0.000000E+00
1.337243E-11
2.351161E-10
4.926929E-09
2.936444E-08
3.789655E-08
1.630576E-08
4.440238E-09
2.761041E-09
5.078098E-09
4.387150E-09
7.058035E-10
1.496733E-11
0.000000E+00
5.703583E-13
5.703583E-13
0.000000E+00
0.000000E+00
0.000000E+00
0.000000E+00
1.434723E-11
3.858329E-11
2.938175E-11
5.145697E-12
0.000000E+00
0.000000E+00
0.000000E+00
0.000000E+00
0.000000E+00
0.000000E+00
0.000000E+00
0.000000E+00
0.000000E+00
0.000000E+00
0.000000E+00
0.000000E+00
0.000000E+00
0.000000E+00
0.000000E+00
0.000000E+00
0.000000E+00
0.000000E+00
0.000000E+00
0.000000E+00
0.000000E+00
0.000000E+00
0.000000E+00
0.000000E+00
0.000000E+00
0.000000E+00
0.000000E+00
0.000000E+00
0.000000E+00
0.000000E+00
0.000000E+00
0.000000E+00
0.000000E+00
0.000000E+00
0.000000E+00
0.000000E+00
0.000000E+00
0.000000E+00
0.000000E+00
0.000000E+00
