Un
part
1
coordinates
4.016634E-02
5.859181E-02
5.239555E-02
2.558782E-02
1.177759E-01
6.538060E-02
8.251467E-03
8.870795E-02
1.825995E-01
8.259332E-02
2.316163E-03
3.418484E-02
1.800315E-01
2.586984E-01
9.101262E-02
6.248261E-04
1.021906E-02
8.014438E-02
2.933177E-01
3.376633E-01
9.028459E-02
1.719607E-04
2.483065E-03
2.156419E-02
1.647990E-01
4.400052E-01
3.755566E-01
7.908843E-02
4.870972E-05
5.394226E-04
3.943780E-03
4.006987E-02
2.815296E-01
5.742828E-01
3.671971E-01
5.795153E-02
1.391433E-05
1.110685E-04
5.401916E-04
5.104169E-03
9.329712E-02
4.312508E-01
6.325415E-01
3.040596E-01
3.283935E-02
3.783425E-06
2.162516E-05
6.576567E-05
6.552373E-04
1.976482E-02
1.855113E-01
5.669645E-01
5.912417E-01
2.025784E-01
1.514939E-02
9.155610E-07
4.202324E-06
8.389344E-06
1.043747E-04
3.791213E-03
5.308531E-02
2.909710E-01
6.124618E-01
4.459856E-01
1.070142E-01
5.187519E-03
1.715115E-07
7.973474E-07
9.792696E-07
1.716616E-05
6.516689E-04
1.163298E-02
9.558746E-02
3.607112E-01
5.160462E-01
2.495400E-01
4.050724E-02
1.186261E-03
2.152114E-08
1.417415E-07
9.648680E-08
1.910157E-06
9.031436E-05
1.922375E-03
1.987301E-02
1.253395E-01
3.405463E-01
2.847770E-01
9.481042E-02
1.010074E-02
1.550200E-04
1.379907E-09
2.240469E-08
9.882027E-09
1.560021E-07
8.522402E-06
1.825300E-04
1.803933E-03
2.350352E-02
1.220482E-01
2.019683E-01
9.405973E-02
2.174089E-02
1.334488E-03
7.557322E-06
0.000000E+00
3.576236E-09
1.572425E-09
6.393484E-09
3.893542E-07
8.763387E-06
1.151011E-07
1.098149E-03
2.384219E-02
8.645985E-02
5.680603E-02
1.721956E-02
2.262163E-03
5.472381E-05
8.216867E-09
0.000000E+00
0.000000E+00
2.638091E-10
3.489433E-11
3.185011E-09
1.549931E-07
1.686675E-08
6.980162E-06
2.458497E-03
2.245464E-02
2.772896E-02
8.246056E-03
1.423883E-03
4.164614E-05
1.285018E-07
0.000000E+00
0.000000E+00
0.000000E+00
0.000000E+00
0.000000E+00
1.961085E-10
3.923896E-10
5.366059E-07
1.792158E-04
3.671285E-03
8.923032E-03
2.770391E-03
6.787911E-04
4.581091E-05
1.756918E-07
0.000000E+00
0.000000E+00
0.000000E+00
0.000000E+00
0.000000E+00
0.000000E+00
1.274477E-08
8.576881E-06
3.718962E-04
1.519276E-03
9.093991E-04
1.691547E-04
1.787425E-05
8.749024E-08
0.000000E+00
0.000000E+00
0.000000E+00
0.000000E+00
0.000000E+00
1.025123E-10
1.477592E-07
1.597744E-05
1.147099E-04
1.936949E-04
1.677895E-05
4.737759E-06
7.753798E-08
0.000000E+00
0.000000E+00
0.000000E+00
0.000000E+00
0.000000E+00
3.526731E-10
1.441132E-07
1.972282E-06
6.405549E-06
1.377602E-06
7.961968E-07
2.131162E-08
0.000000E+00
0.000000E+00
0.000000E+00
0.000000E+00
0.000000E+00
1.031994E-10
9.363025E-09
6.433413E-08
7.419214E-08
5.337720E-08
2.418317E-09
0.000000E+00
0.000000E+00
0.000000E+00
0.000000E+00
0.000000E+00
0.000000E+00
0.000000E+00
0.000000E+00
5.917225E-11
3.183542E-11
0.000000E+00
0.000000E+00
0.000000E+00
0.000000E+00
0.000000E+00
0.000000E+00
0.000000E+00
0.000000E+00
0.000000E+00
0.000000E+00
0.000000E+00
0.000000E+00
0.000000E+00
0.000000E+00
0.000000E+00
0.000000E+00
0.000000E+00
0.000000E+00
0.000000E+00
0.000000E+00
0.000000E+00
0.000000E+00
0.000000E+00
0.000000E+00
0.000000E+00
0.000000E+00
0.000000E+00
0.000000E+00
0.000000E+00
0.000000E+00
0.000000E+00
0.000000E+00
0.000000E+00
0.000000E+00
0.000000E+00
0.000000E+00
0.000000E+00
0.000000E+00
0.000000E+00
0.000000E+00
0.000000E+00
0.000000E+00
0.000000E+00
0.000000E+00
0.000000E+00
0.000000E+00
4.016634E-02
4.628095E-02
5.888808E-02
7.398696E-02
8.680297E-02
9.064860E-02
8.468651E-02
6.851998E-02
4.539544E-02
2.399437E-02
1.016845E-02
3.186890E-03
6.706403E-04
8.128866E-05
3.782770E-06
4.108433E-09
0.000000E+00
4.937908E-02
6.723239E-02
1.045379E-01
1.473179E-01
1.924919E-01
2.236293E-01
2.280317E-01
2.020742E-01
1.493572E-01
8.939533E-02
4.196459E-02
1.424544E-02
3.194128E-03
3.879474E-04
1.560446E-05
3.417966E-08
0.000000E+00
4.208981E-02
7.266586E-02
1.422787E-01
2.286618E-01
3.324212E-01
4.318770E-01
4.873945E-01
4.737600E-01
3.859663E-01
2.512795E-01
1.229680E-01
4.178982E-02
8.859571E-03
9.232553E-04
2.416854E-05
7.604838E-08
0.000000E+00
1.691964E-02
3.918302E-02
9.576718E-02
1.795732E-01
2.949129E-01
4.317671E-01
5.512599E-01
6.008024E-01
5.414338E-01
3.740872E-01
1.807968E-01
5.695765E-02
1.066162E-02
9.433758E-04
2.193006E-05
6.579550E-08
0.000000E+00
5.283815E-03
1.374288E-02
3.652812E-02
7.664436E-02
1.449239E-01
2.478972E-01
3.686744E-01
4.577771E-01
4.574414E-01
3.358345E-01
1.594028E-01
4.408284E-02
6.892072E-03
5.415899E-04
1.596255E-05
4.125706E-08
0.000000E+00
1.470495E-03
3.910780E-03
9.552526E-03
1.767050E-02
3.955899E-02
8.791462E-02
1.562887E-01
2.181523E-01
2.371613E-01
1.877557E-01
9.324079E-02
2.388786E-02
2.966098E-03
2.176394E-04
5.677715E-06
2.471240E-08
0.000000E+00
3.983934E-04
9.548187E-04
1.876615E-03
2.560844E-03
7.328859E-03
2.206858E-02
4.504469E-02
6.607586E-02
7.368335E-02
6.370122E-02
3.639162E-02
1.008295E-02
9.664309E-04
4.786690E-05
1.389421E-06
5.932485E-09
0.000000E+00
1.103352E-04
2.177904E-04
3.141121E-04
3.413923E-04
1.300624E-03
4.499558E-03
8.808072E-03
1.156965E-02
1.272559E-02
1.310665E-02
9.142057E-03
2.886350E-03
2.803126E-04
4.751531E-06
2.130060E-07
6.125381E-10
0.000000E+00
3.131203E-05
4.882942E-05
5.171216E-05
4.892397E-05
2.158810E-04
7.117222E-04
9.772385E-04
7.272943E-04
9.357104E-04
1.670223E-03
1.419292E-03
4.585215E-04
5.038807E-05
3.763076E-07
1.336705E-08
7.958856E-12
0.000000E+00
8.848877E-06
1.088131E-05
8.799023E-06
7.111234E-06
2.947827E-05
7.253254E-05
4.785634E-05
1.912184E-06
4.882735E-05
1.439166E-04
1.261390E-04
3.078802E-05
1.636019E-06
1.856283E-08
1.479306E-11
0.000000E+00
0.000000E+00
2.349493E-06
2.424664E-06
1.518857E-06
7.854788E-07
2.744479E-06
4.457534E-06
2.233910E-06
1.416525E-07
2.318498E-06
6.211548E-06
4.525799E-06
5.114947E-07
1.608353E-08
0.000000E+00
0.000000E+00
0.000000E+00
0.000000E+00
5.435362E-07
5.065403E-07
2.613644E-07
6.719111E-08
1.387337E-07
1.369321E-07
3.889539E-08
3.309919E-09
4.023980E-08
7.308209E-08
3.839487E-08
2.340756E-09
0.000000E+00
0.000000E+00
0.000000E+00
0.000000E+00
0.000000E+00
9.651633E-08
8.929471E-08
4.390016E-08
4.470708E-09
2.403347E-09
8.452799E-10
4.902713E-11
2.562807E-11
1.137964E-10
1.139681E-10
2.579986E-11
0.000000E+00
0.000000E+00
0.000000E+00
0.000000E+00
0.000000E+00
0.000000E+00
1.145053E-08
1.222049E-08
6.954290E-09
4.677821E-10
8.723583E-12
0.000000E+00
0.000000E+00
0.000000E+00
0.000000E+00
0.000000E+00
0.000000E+00
0.000000E+00
0.000000E+00
0.000000E+00
0.000000E+00
0.000000E+00
0.000000E+00
6.899534E-10
1.239036E-09
9.600113E-10
6.595228E-11
0.000000E+00
0.000000E+00
0.000000E+00
0.000000E+00
0.000000E+00
0.000000E+00
0.000000E+00
0.000000E+00
0.000000E+00
0.000000E+00
0.000000E+00
0.000000E+00
0.000000E+00
0.000000E+00
0.000000E+00
0.000000E+00
0.000000E+00
0.000000E+00
0.000000E+00
0.000000E+00
0.000000E+00
0.000000E+00
0.000000E+00
0.000000E+00
0.000000E+00
0.000000E+00
0.000000E+00
0.000000E+00
0.000000E+00
0.000000E+00
0.000000E+00
0.000000E+00
0.000000E+00
0.000000E+00
0.000000E+00
0.000000E+00
0.000000E+00
0.000000E+00
0.000000E+00
0.000000E+00
0.000000E+00
0.000000E+00
0.000000E+00
0.000000E+00
0.000000E+00
0.000000E+00
0.000000E+00
