Un
part
1
coordinates
1.706396E-06
2.785617E-03
7.921325E-07
3.670229E-02
5.116505E-03
0.000000E+00
6.430837E-02
9.759994E-02
5.831539E-03
0.000000E+00
6.915278E-02
2.953754E-01
1.079393E-01
3.551376E-03
0.000000E+00
7.275546E-02
4.123266E-01
4.394639E-01
9.611572E-02
2.105282E-03
0.000000E+00
6.751962E-02
4.277064E-01
7.109241E-01
4.234324E-01
5.513242E-02
7.401759E-04
0.000000E+00
4.816940E-02
3.518238E-01
7.693596E-01
8.256957E-01
2.988315E-01
1.956948E-02
1.648134E-04
0.000000E+00
2.867202E-02
2.178875E-01
6.109235E-01
8.373439E-01
6.573234E-01
1.291166E-01
4.500808E-03
1.993499E-05
0.000000E+00
1.307128E-02
9.807690E-02
3.257607E-01
6.080293E-01
6.373593E-01
3.255008E-01
2.519842E-02
5.297900E-04
6.971828E-07
0.000000E+00
4.784139E-03
3.208046E-02
9.967999E-02
2.459120E-01
3.868094E-01
3.191554E-01
7.856874E-02
1.644793E-03
1.789752E-05
0.000000E+00
0.000000E+00
1.276777E-03
8.014128E-03
1.918988E-02
4.833730E-02
1.313835E-01
1.487670E-01
8.984450E-02
5.413354E-03
5.461824E-05
0.000000E+00
0.000000E+00
0.000000E+00
2.059380E-04
1.656323E-03
2.776588E-03
6.985472E-03
3.075190E-02
3.444552E-02
3.692867E-02
9.824584E-03
9.852456E-06
3.255740E-10
0.000000E+00
0.000000E+00
0.000000E+00
1.486054E-05
2.848304E-04
3.518906E-04
8.656937E-04
5.135559E-03
7.589209E-03
4.250378E-03
4.650498E-03
7.059681E-05
1.238381E-12
0.000000E+00
0.000000E+00
0.000000E+00
0.000000E+00
0.000000E+00
4.852610E-05
5.283015E-05
9.391064E-05
5.817628E-04
1.426422E-03
0.000000E+00
2.924443E-04
8.989754E-05
0.000000E+00
0.000000E+00
0.000000E+00
0.000000E+00
0.000000E+00
0.000000E+00
0.000000E+00
0.000000E+00
7.581903E-06
4.084037E-06
2.819068E-05
1.161027E-04
0.000000E+00
0.000000E+00
7.244132E-06
0.000000E+00
0.000000E+00
0.000000E+00
0.000000E+00
0.000000E+00
0.000000E+00
0.000000E+00
0.000000E+00
0.000000E+00
3.989579E-09
3.126004E-08
1.750983E-06
0.000000E+00
0.000000E+00
0.000000E+00
0.000000E+00
0.000000E+00
0.000000E+00
0.000000E+00
0.000000E+00
0.000000E+00
0.000000E+00
0.000000E+00
0.000000E+00
0.000000E+00
0.000000E+00
0.000000E+00
0.000000E+00
0.000000E+00
0.000000E+00
0.000000E+00
0.000000E+00
0.000000E+00
0.000000E+00
0.000000E+00
0.000000E+00
0.000000E+00
0.000000E+00
0.000000E+00
0.000000E+00
0.000000E+00
0.000000E+00
0.000000E+00
0.000000E+00
0.000000E+00
0.000000E+00
0.000000E+00
0.000000E+00
0.000000E+00
0.000000E+00
0.000000E+00
0.000000E+00
0.000000E+00
0.000000E+00
0.000000E+00
0.000000E+00
0.000000E+00
0.000000E+00
0.000000E+00
0.000000E+00
0.000000E+00
0.000000E+00
0.000000E+00
0.000000E+00
0.000000E+00
0.000000E+00
0.000000E+00
0.000000E+00
0.000000E+00
0.000000E+00
0.000000E+00
0.000000E+00
0.000000E+00
0.000000E+00
0.000000E+00
0.000000E+00
0.000000E+00
0.000000E+00
0.000000E+00
0.000000E+00
0.000000E+00
0.000000E+00
0.000000E+00
0.000000E+00
0.000000E+00
0.000000E+00
0.000000E+00
0.000000E+00
0.000000E+00
0.000000E+00
0.000000E+00
0.000000E+00
0.000000E+00
0.000000E+00
0.000000E+00
0.000000E+00
0.000000E+00
0.000000E+00
0.000000E+00
0.000000E+00
0.000000E+00
0.000000E+00
0.000000E+00
0.000000E+00
0.000000E+00
0.000000E+00
0.000000E+00
0.000000E+00
0.000000E+00
0.000000E+00
0.000000E+00
0.000000E+00
0.000000E+00
0.000000E+00
0.000000E+00
0.000000E+00
0.000000E+00
0.000000E+00
0.000000E+00
0.000000E+00
0.000000E+00
0.000000E+00
0.000000E+00
0.000000E+00
0.000000E+00
0.000000E+00
0.000000E+00
1.706396E-06
1.249264E-06
3.960663E-07
0.000000E+00
0.000000E+00
0.000000E+00
0.000000E+00
0.000000E+00
0.000000E+00
0.000000E+00
0.000000E+00
0.000000E+00
0.000000E+00
0.000000E+00
0.000000E+00
0.000000E+00
0.000000E+00
1.393662E-03
1.976155E-03
2.737209E-03
2.345729E-03
1.414164E-03
7.113645E-04
2.262473E-04
4.618710E-05
5.158043E-06
1.742957E-07
0.000000E+00
0.000000E+00
0.000000E+00
0.000000E+00
0.000000E+00
0.000000E+00
0.000000E+00
1.974395E-02
3.555109E-02
5.412181E-02
5.335948E-02
3.922620E-02
1.938684E-02
6.243819E-03
1.303837E-03
1.420799E-04
4.648675E-06
0.000000E+00
0.000000E+00
0.000000E+00
0.000000E+00
0.000000E+00
0.000000E+00
0.000000E+00
5.050533E-02
1.234965E-01
2.350946E-01
2.667378E-01
2.183780E-01
1.256625E-01
4.459632E-02
7.968452E-03
5.617747E-04
1.812902E-05
8.139351E-11
0.000000E+00
0.000000E+00
0.000000E+00
0.000000E+00
0.000000E+00
0.000000E+00
6.673058E-02
2.102908E-01
4.645225E-01
5.998790E-01
5.513208E-01
3.526931E-01
1.395961E-01
2.770633E-02
1.780654E-03
1.611776E-05
8.170311E-11
0.000000E+00
0.000000E+00
0.000000E+00
0.000000E+00
0.000000E+00
0.000000E+00
7.095412E-02
2.454853E-01
5.800792E-01
7.858308E-01
7.394306E-01
4.848347E-01
2.032673E-01
4.591279E-02
3.829597E-03
2.011232E-05
3.095952E-13
0.000000E+00
0.000000E+00
0.000000E+00
0.000000E+00
0.000000E+00
0.000000E+00
7.013754E-02
2.299513E-01
5.399533E-01
7.064141E-01
6.173855E-01
3.730228E-01
1.486739E-01
3.531206E-02
3.658894E-03
4.012359E-05
0.000000E+00
0.000000E+00
0.000000E+00
0.000000E+00
0.000000E+00
0.000000E+00
0.000000E+00
5.784451E-02
1.713501E-01
3.765989E-01
4.476564E-01
3.430336E-01
1.753514E-01
5.609790E-02
1.153050E-02
1.260021E-03
2.428542E-05
0.000000E+00
0.000000E+00
0.000000E+00
0.000000E+00
0.000000E+00
0.000000E+00
0.000000E+00
3.842071E-02
9.820146E-02
1.853513E-01
1.799225E-01
1.140962E-01
5.104252E-02
1.157128E-02
1.135706E-03
7.492212E-05
1.811033E-06
0.000000E+00
0.000000E+00
0.000000E+00
0.000000E+00
0.000000E+00
0.000000E+00
0.000000E+00
2.087165E-02
4.297517E-02
6.225681E-02
4.354816E-02
2.280256E-02
1.122577E-02
2.253908E-03
0.000000E+00
0.000000E+00
0.000000E+00
0.000000E+00
0.000000E+00
0.000000E+00
0.000000E+00
0.000000E+00
0.000000E+00
0.000000E+00
8.927711E-03
1.448750E-02
1.551526E-02
7.454409E-03
3.392122E-03
1.814962E-03
3.856312E-04
0.000000E+00
0.000000E+00
0.000000E+00
0.000000E+00
0.000000E+00
0.000000E+00
0.000000E+00
0.000000E+00
0.000000E+00
0.000000E+00
3.030458E-03
3.932842E-03
3.199733E-03
1.022021E-03
3.923895E-04
1.819518E-04
2.946343E-05
0.000000E+00
0.000000E+00
0.000000E+00
0.000000E+00
0.000000E+00
0.000000E+00
0.000000E+00
0.000000E+00
0.000000E+00
0.000000E+00
7.413574E-04
8.559671E-04
5.864686E-04
1.256789E-04
3.155415E-05
7.493231E-06
4.377459E-07
0.000000E+00
0.000000E+00
0.000000E+00
0.000000E+00
0.000000E+00
0.000000E+00
0.000000E+00
0.000000E+00
0.000000E+00
0.000000E+00
1.103993E-04
1.385388E-04
9.844215E-05
1.612502E-05
1.029822E-06
7.815011E-09
0.000000E+00
0.000000E+00
0.000000E+00
0.000000E+00
0.000000E+00
0.000000E+00
0.000000E+00
0.000000E+00
0.000000E+00
0.000000E+00
0.000000E+00
7.430272E-06
1.584666E-05
1.402700E-05
1.896473E-06
9.973947E-10
0.000000E+00
0.000000E+00
0.000000E+00
0.000000E+00
0.000000E+00
0.000000E+00
0.000000E+00
0.000000E+00
0.000000E+00
0.000000E+00
0.000000E+00
0.000000E+00
0.000000E+00
0.000000E+00
0.000000E+00
0.000000E+00
0.000000E+00
0.000000E+00
0.000000E+00
0.000000E+00
0.000000E+00
0.000000E+00
0.000000E+00
0.000000E+00
0.000000E+00
0.000000E+00
0.000000E+00
0.000000E+00
0.000000E+00
0.000000E+00
0.000000E+00
0.000000E+00
0.000000E+00
0.000000E+00
0.000000E+00
0.000000E+00
0.000000E+00
0.000000E+00
0.000000E+00
0.000000E+00
0.000000E+00
0.000000E+00
0.000000E+00
0.000000E+00
0.000000E+00
0.000000E+00
